STATIONS_ID;MESS_DATUM;QN_3;  FX;  FM;QN_4; RSK;RSKF; SDK;SHK_TAG;  NM; VPM;  PM; TMK; UPM; TXK; TNK; TGK;eor
       1503;20210504;   10;  24.5;   9.8;    3;   6.1;   6;    1.100;   0;   7.4;   8.8;  993.78;    8.8;   78.17;   11.6;    6.7;    5.3;eor
       1503;20210505;   10;  22.4;  10.1;    3;   4.6;   6;    3.533;   0;   5.5;   7.6;  999.14;    7.1;   75.42;    9.7;    3.8;    2.1;eor
       1503;20210506;   10;  12.5;   3.9;    3;   2.0;   6;    6.100;   0;   5.4;   7.3; 1005.09;    5.9;   79.13;    9.8;    3.3;    1.6;eor
       1503;20210507;   10;  13.3;   4.5;    3;   0.0;   6;    4.617;   0;   5.8;   7.6; 1011.41;    7.0;   76.79;   11.5;    3.3;    2.0;eor
       1503;20210508;   10;  13.2;   4.7;    3;   7.1;   6;    6.617;   0;   5.3;   8.4; 1012.62;    8.5;   76.08;   14.3;    1.1;   -1.1;eor
       1503;20210509;   10;  10.7;   4.3;    3;   0.0;   6;    7.617;   0;   5.7;  13.8; 1002.20;   19.2;   62.79;   25.9;   11.6;    9.1;eor
       1503;20210510;   10;  17.1;   4.7;    3;   6.3;   6;    1.967;   0;   7.8;  13.6; 1004.00;   17.8;   67.67;   22.8;   13.5;   12.2;eor
       1503;20210511;   10;   7.4;   2.6;    3;   4.6;   6;    0.000;   0;   7.8;  13.6; 1008.47;   12.7;   91.88;   14.3;   11.1;   10.7;eor
       1503;20210512;   10;  10.5;   3.5;    3;   0.0;   0;    4.233;   0;   7.8;  12.0; 1009.49;   13.1;   80.50;   17.4;    8.4;    6.2;eor
       1503;20210513;   10;   6.9;   2.4;    3;   0.0;   6;   11.000;   0;   6.6;  10.4; 1007.57;   11.2;   80.04;   16.6;    6.7;    5.2;eor
       1503;20210514;   10;   7.3;   3.1;    3;   0.0;   0;    2.717;   0;   6.4;  10.1; 1006.63;    9.9;   83.33;   14.3;    6.4;    3.5;eor
       1503;20210515;   10;  10.5;   2.0;    3;   3.7;   6;    2.417;   0;   6.6;  10.6; 1003.08;   10.1;   86.46;   15.0;    4.2;    2.6;eor
       1503;20210516;   10;  12.0;   3.2;    3;   3.1;   6;    3.867;   0;   7.0;  11.2;  999.44;   11.2;   84.46;   15.0;    8.4;    7.0;eor
       1503;20210517;   10;   9.6;   2.8;    3;   7.1;   6;    2.350;   0;   7.4;  11.3; 1002.08;   11.0;   86.17;   15.9;    7.5;    5.9;eor
       1503;20210518;   10;   9.1;   3.1;    3;   0.0;   6;    5.367;   0;   6.3;  10.5; 1010.73;   11.3;   78.96;   14.3;    7.4;    5.0;eor
       1503;20210519;   10;  10.7;   2.3;    3;   0.9;   6;    4.517;   0;   5.0;  10.6; 1015.03;   10.3;   84.79;   15.1;    4.6;    2.9;eor
       1503;20210520;   10;   9.6;   3.6;    3;   1.1;   6;    7.467;   0;   4.3;   9.8; 1016.02;   11.8;   73.17;   16.8;    4.3;    2.1;eor
       1503;20210521;   10;  24.7;   6.1;    3;   5.5;   6;    6.100;   0;   5.8;   9.9; 1001.26;   12.4;   69.04;   15.8;    7.0;    4.3;eor
       1503;20210522;   10;  15.5;   7.5;    3;   2.0;   6;    0.367;   0;   7.7;  10.1;  999.77;   10.7;   78.63;   13.4;    9.0;    7.5;eor
       1503;20210523;   10;  13.2;   4.1;    3;   1.1;   6;    5.633;   0;   6.5;   9.7; 1010.63;   10.5;   76.38;   13.9;    6.6;    4.8;eor
       1503;20210524;   10;  14.8;   4.8;    3;   5.7;   6;    2.183;   0;   7.1;  10.8; 1008.01;   12.7;   74.63;   18.5;    7.3;    5.3;eor
       1503;20210525;   10;  12.1;   4.1;    3;   7.9;   6;    0.900;   0;   7.2;  10.5; 1008.73;    9.3;   89.46;   12.2;    7.4;    6.3;eor
       1503;20210526;   10;  14.2;   6.1;    3;   4.9;   4;    1.700;   0;   7.4;  11.0; 1007.72;   10.4;   87.14;   14.2;    8.4;    7.1;eor
       1503;20210527;   10;  11.7;   5.7;    3;   0.0;   6;    1.817;   0;   7.0;  10.8; 1013.47;   11.2;   81.29;   14.8;    7.2;    5.8;eor
       1503;20210528;   10;  10.2;   4.2;    3;   0.0;   6;    9.400;   0;   5.0;  11.1; 1023.11;   12.0;   79.67;   16.4;    7.0;    5.9;eor
       1503;20210529;   10;   7.8;   2.3;    3;   0.0;   0;    4.400;   0;   5.9;  10.4; 1026.13;   11.4;   77.71;   16.0;    5.9;    3.6;eor
       1503;20210530;   10;   7.4;   2.3;    3;   0.0;   0;   10.250;   0;   2.5;  11.1; 1027.41;   11.2;   84.42;   20.1;    3.8;    2.1;eor
       1503;20210531;   10;  10.2;   2.8;    3;   0.0;   0;   12.767;   0;   2.5;  11.6; 1022.99;   15.8;   69.67;   23.1;    8.8;    8.1;eor
       1503;20210601;   10;  10.0;   2.4;    3;   0.0;   0;   14.350;-999;   3.4;  12.2; 1018.45;   17.6;   64.46;   25.0;    8.7;    5.6;eor
       1503;20210602;   10;   7.6;   2.9;    3;   0.0;   0;   10.717;-999;   5.6;  13.0; 1015.77;   18.3;   63.00;   24.8;   10.8;    8.8;eor
       1503;20210603;   10;  13.1;   3.6;    3;   6.7;   6;    3.233;-999;   7.7;  16.2; 1017.87;   19.8;   71.46;   27.5;   15.7;   14.4;eor
       1503;20210604;   10;   5.7;   1.6;    3;   0.9;   6;    8.383;-999;   5.6;  18.6; 1019.50;   20.2;   80.13;   26.2;   14.8;   13.8;eor
       1503;20210605;   10;   7.5;   2.5;    3;  21.1;   6;    0.050;-999;   7.5;  19.1; 1018.48;   18.0;   92.08;   22.1;   15.5;   14.7;eor
       1503;20210606;   10;   7.3;   4.0;    3;   0.0;   6;    0.000;-999;   7.8;  16.0; 1021.57;   15.0;   93.42;   16.7;   13.0;   12.9;eor
       1503;20210607;   10;   7.1;   3.2;    3;   0.0;   0;    5.633;-999;   6.2;  13.4; 1022.83;   15.8;   76.21;   20.1;   11.7;   12.2;eor
       1503;20210608;   10;   7.1;   2.3;    3;   0.0;   0;   12.417;-999;   4.9;  14.3; 1022.68;   17.0;   75.71;   23.4;   11.3;   11.8;eor
       1503;20210609;   10;   6.7;   1.5;    3;   0.0;   0;   11.200;-999;   2.1;  15.1; 1020.55;   19.4;   69.83;   25.8;   12.0;   10.5;eor
       1503;20210610;   10;   7.5;   2.2;    3;   0.0;   0;   13.933;-999;   2.7;  14.3; 1019.33;   19.9;   65.17;   25.1;   12.8;   10.7;eor
       1503;20210611;   10;   8.9;   2.8;    3;   0.0;   0;    8.667;-999;   4.7;  17.2; 1017.39;   19.8;   76.13;   26.1;   13.4;   11.5;eor
       1503;20210612;   10;  15.1;   5.8;    3;   0.0;   0;    4.917;-999;   5.8;  14.0; 1018.45;   16.9;   72.75;   20.3;    9.4;    6.9;eor
       1503;20210613;   10;   9.2;   3.1;    3;   0.0;   0;   15.200;-999;   0.4;  11.4; 1025.60;   15.6;   66.79;   21.6;    7.7;    4.6;eor
       1503;20210614;   10;   9.6;   3.4;    3;   0.0;   0;   14.400;-999;   2.6;  13.7; 1019.91;   19.7;   63.25;   27.4;   11.2;    7.9;eor
       1503;20210615;   10;   7.7;   2.6;    3;   0.0;   0;   11.833;-999;   4.5;  12.5; 1020.15;   16.5;   68.17;   21.5;   10.7;    7.8;eor
       1503;20210616;   10;   8.6;   2.5;    3;   0.0;   0;   13.867;-999;   2.1;  15.0; 1014.62;   20.8;   63.04;   28.6;    9.6;    6.9;eor
       1503;20210617;   10;  11.6;   4.1;    3;   0.0;   0;   14.433;-999;   0.9;  18.9; 1010.54;   26.6;   58.54;   34.2;   19.2;   18.1;eor
       1503;20210618;   10;  19.0;   3.0;    3;   1.0;   6;   11.250;-999;   2.5;  20.9; 1012.10;   22.6;   77.00;   28.1;   16.9;   15.3;eor
       1503;20210619;   10;  11.4;   4.1;    3;   8.2;   6;   12.317;-999;   3.5;  19.4; 1011.99;   22.1;   74.63;   28.2;   16.7;   15.8;eor
       1503;20210620;   10;  13.5;   4.6;    3;  26.9;   6;    6.317;-999;   6.7;  18.5; 1007.25;   19.4;   82.29;   23.3;   14.2;   14.1;eor
       1503;20210621;   10;  11.0;   4.2;    3;  16.8;   6;    0.000;-999;   7.7;  14.6; 1008.93;   13.6;   93.42;   15.1;   12.1;   11.1;eor
       1503;20210622;   10;   7.9;   2.9;    3;   1.9;   6;    4.883;-999;   6.8;  12.2; 1016.32;   14.1;   77.00;   17.5;   10.4;    8.5;eor
       1503;20210623;   10;   5.9;   2.3;    3;   0.0;   6;    0.017;-999;   8.0;  13.1; 1020.65;   14.1;   82.00;   17.5;   10.7;   10.0;eor
       1503;20210624;   10;   7.3;   1.8;    3;   0.0;   0;    4.567;-999;   5.3;  13.1; 1019.70;   13.9;   82.33;   17.0;    9.5;    7.9;eor
       1503;20210625;   10;   6.2;   2.0;    3;   0.0;   0;    8.317;-999;   4.6;  14.1; 1016.95;   16.9;   74.96;   22.2;    9.9;    7.5;eor
       1503;20210626;   10;   5.2;   1.4;    3;   2.6;   6;    2.833;-999;   6.2;  17.5; 1018.64;   19.0;   80.88;   23.8;   15.3;   13.4;eor
       1503;20210627;   10;   8.7;   3.0;    3;   0.0;   0;   14.750;-999;   2.1;  17.9; 1016.80;   19.4;   80.25;   24.7;   13.5;   11.4;eor
       1503;20210628;   10;   6.1;   2.2;    3;   0.0;   6;    8.067;-999;   6.9;  18.6; 1013.07;   21.5;   74.58;   28.5;   14.7;   13.9;eor
       1503;20210629;   10;   6.2;   1.8;    3;  17.3;   6;    0.033;-999;   7.7;  21.0; 1009.60;   19.2;   94.04;   22.9;   16.2;   16.7;eor
       1503;20210630;   10;   7.7;   3.1;    3;   2.2;   6;    0.000;-999;   7.9;  16.3; 1009.57;   15.3;   93.42;   17.1;   13.3;   13.3;eor
       1503;20210701;   10;   8.4;   4.0;    3;   2.7;   6;    3.033;-999;   6.8;  17.3; 1011.05;   17.4;   87.54;   22.6;   13.3;   13.3;eor
       1503;20210702;   10;   6.9;   3.2;    3;   0.0;   6;    2.000;-999;   6.5;  16.3; 1015.50;   16.9;   85.00;   21.0;   12.9;   10.8;eor
       1503;20210703;   10;   5.3;   1.4;    3;   0.9;   6;   13.383;-999;   3.2;  15.0; 1014.55;   18.0;   75.00;   24.1;   10.2;    8.3;eor
       1503;20210704;   10;   9.5;   1.9;    3;   3.2;   6;    1.433;-999;   7.6;  18.2; 1009.29;   18.4;   86.92;   24.3;   15.5;   14.9;eor
       1503;20210705;   10;   8.5;   3.0;    3;   3.3;   6;    4.633;-999;   7.3;  16.7; 1007.45;   17.6;   83.46;   21.3;   15.3;   14.4;eor
       1503;20210706;   10;  14.4;   5.1;    3;   0.0;   6;    4.033;-999;   6.3;  16.2; 1005.08;   19.6;   71.75;   23.9;   13.1;   10.3;eor
       1503;20210707;   10;  10.5;   3.5;    3;   0.0;   0;    8.183;-999;   3.8;  15.0; 1014.16;   18.3;   73.17;   24.2;   12.6;   10.2;eor
       1503;20210708;   10;   8.3;   1.7;    3;   0.0;   6;    6.933;-999;   6.1;  16.4; 1019.25;   18.9;   77.54;   25.8;   13.4;   11.9;eor
       1503;20210709;   10;   8.0;   3.0;    3;   0.0;   0;    6.683;-999;   6.5;  16.0; 1019.55;   17.8;   79.21;   22.3;   12.3;   10.0;eor
       1503;20210710;   10;   6.3;   1.6;    3;   0.0;   6;    6.317;-999;   4.7;  15.1; 1016.10;   16.9;   79.83;   23.0;   10.8;    8.9;eor
       1503;20210711;   10;   7.3;   2.0;    3;   3.3;   6;    7.783;-999;   5.4;  17.7; 1015.06;   19.1;   81.00;   25.6;   13.2;   11.7;eor
       1503;20210712;   10;   6.3;   1.7;    3;   0.0;   0;    3.667;-999;   6.4;  20.2; 1010.84;   20.5;   84.88;   26.0;   14.9;   13.9;eor
       1503;20210713;   10;   7.4;   2.0;    3;   2.8;   6;    0.017;-999;   7.8;  22.5; 1008.75;   20.9;   91.50;   24.9;   17.7;   17.0;eor
       1503;20210714;   10;   9.0;   2.8;    3;  17.6;   6;    0.133;-999;   7.7;  23.1; 1007.98;   20.5;   95.67;   24.1;   18.8;   18.5;eor
       1503;20210715;   10;   8.6;   2.7;    3;  11.9;   6;    0.000;-999;   7.8;  20.7; 1012.90;   18.8;   95.08;   21.1;   16.7;   16.0;eor
       1503;20210716;   10;   9.7;   3.6;    3;   0.0;   0;    4.367;-999;   6.0;  17.4; 1020.04;   18.4;   82.42;   22.1;   15.7;   15.3;eor
       1503;20210717;   10;  10.5;   3.9;    3;   0.0;   0;   14.767;-999;   0.0;  17.5; 1023.39;   19.4;   79.13;   24.0;   14.6;   13.6;eor
       1503;20210718;   10;  10.6;   3.1;    3;   0.0;   6;    9.900;-999;   3.5;  17.5; 1021.72;   18.8;   81.83;   24.9;   13.6;   12.2;eor
       1503;20210719;   10;   8.5;   2.3;    3;   0.0;   6;    3.517;-999;   5.5;  13.8; 1020.87;   16.0;   77.08;   19.2;   11.9;   10.8;eor
       1503;20210720;   10;   8.8;   2.0;    3;   0.0;   6;    2.067;-999;   7.7;  15.2; 1020.70;   16.9;   79.58;   20.8;   13.4;   11.9;eor
       1503;20210721;   10;   6.6;   2.1;    3;   0.0;   0;    0.917;-999;   5.3;  15.8; 1022.35;   17.2;   81.54;   22.1;   11.0;    9.7;eor
       1503;20210722;   10;   6.3;   1.8;    3;   0.0;   6;    6.600;-999;   4.3;  14.3; 1021.30;   16.9;   75.88;   21.7;   10.1;    8.9;eor
       1503;20210723;   10;   5.1;   1.5;    3;   0.0;   6;    0.067;-999;   6.5;  14.8; 1017.47;   16.2;   81.58;   20.2;   10.0;    9.0;eor
       1503;20210724;   10;   9.7;   3.0;    3;  26.4;   6;    9.717;-999;   3.2;  17.2; 1010.06;   19.2;   78.54;   26.0;   10.4;    8.7;eor
       1503;20210725;   10;   9.8;   3.1;    3;   0.0;   6;    8.617;-999;   5.5;  19.8; 1007.01;   21.3;   79.67;   26.6;   17.5;   17.0;eor
       1503;20210726;   10;   8.5;   2.2;    3;   0.0;   6;    8.850;-999;   6.5;  18.4; 1008.67;   21.1;   76.00;   26.2;   14.9;   14.4;eor
       1503;20210727;   10;  10.8;   3.4;    3;   0.4;   6;    5.117;-999;   6.8;  17.7; 1009.54;   19.2;   80.83;   24.5;   16.4;   15.6;eor
       1503;20210728;   10;  13.3;   4.2;    3;   3.3;   6;    5.350;-999;   5.5;  16.6; 1007.67;   18.1;   81.21;   23.7;   14.4;   13.5;eor
       1503;20210729;   10;  15.6;   5.7;    3;   0.0;   6;    9.683;-999;   3.2;  13.0; 1007.55;   16.8;   69.38;   21.1;   12.4;   10.0;eor
       1503;20210730;   10;   9.4;   3.3;    3;   0.1;   6;    8.283;-999;   5.3;  14.2; 1006.12;   17.7;   71.21;   23.7;   12.1;   10.3;eor
       1503;20210731;   10;  15.6;   5.4;    3;  12.7;   6;    1.300;-999;   6.7;  15.7; 1003.81;   16.4;   84.00;   19.3;   14.8;   13.6;eor
       1503;20210801;   10;   7.9;   2.8;    3;  17.6;   6;    0.833;-999;   6.4;  16.2; 1007.42;   15.6;   91.46;   19.5;   11.8;   10.8;eor
       1503;20210802;   10;  10.2;   3.1;    3;   0.6;   6;    3.967;-999;   6.2;  14.0; 1011.80;   14.8;   84.25;   19.5;   11.8;   11.0;eor
       1503;20210803;   10;   6.1;   1.7;    3;   0.0;   0;    8.217;-999;   5.2;  13.4; 1013.04;   15.8;   76.21;   21.1;    9.1;    8.0;eor
       1503;20210804;   10;   7.0;   2.0;    3;   0.0;   0;    7.300;-999;   3.4;  14.3; 1013.26;   15.9;   80.54;   21.3;   10.1;    9.6;eor
       1503;20210805;   10;   8.7;   1.9;    3;   7.3;   6;    5.967;-999;   6.5;  16.5; 1008.21;   17.3;   84.71;   24.4;   12.3;   11.8;eor
       1503;20210806;   10;   8.6;   3.1;    3;   3.1;   6;    4.533;-999;   6.0;  17.3; 1002.05;   17.2;   88.33;   22.9;   13.1;   12.5;eor
       1503;20210807;   10;  11.1;   3.0;    3;   9.1;   6;    6.033;-999;   6.3;  16.5; 1001.47;   17.5;   83.50;   22.8;   13.7;   13.3;eor
       1503;20210808;   10;  14.3;   4.8;    3;   0.3;   6;    5.217;-999;   6.7;  15.1; 1005.67;   16.5;   81.33;   20.8;   14.0;   13.0;eor
       1503;20210809;   10;  12.2;   4.0;    3;   3.6;   6;    4.983;-999;   6.1;  14.8; 1013.29;   16.4;   79.71;   21.7;   13.4;   12.5;eor
       1503;20210810;   10;   8.4;   2.4;    3;   4.6;   6;    1.783;-999;   5.8;  15.7; 1014.55;   15.0;   91.71;   19.2;   10.6;   10.0;eor
       1503;20210811;   10;   6.8;   1.7;    3;   0.0;   0;   11.800;-999;   3.0;  15.2; 1018.07;   17.1;   80.46;   24.3;    9.6;    8.8;eor
       1503;20210812;   10;   7.5;   1.9;    3;   0.1;   6;    9.767;-999;   5.4;  16.7; 1018.44;   19.0;   78.50;   25.3;   11.6;   10.7;eor
       1503;20210813;   10;  11.0;   2.8;    3;   0.0;   0;    7.817;-999;   5.2;  16.7; 1019.16;   18.5;   79.71;   24.2;   13.1;   11.8;eor
       1503;20210814;   10;  10.6;   3.6;    3;   0.0;   4;    6.283;-999;   6.7;  15.8; 1018.06;   17.8;   79.04;   23.2;   13.0;   11.7;eor
       1503;20210815;   10;   9.4;   3.0;    3;   0.0;   6;    9.017;-999;   6.6;  16.2; 1011.27;   19.5;   72.71;   25.4;   14.3;   13.4;eor
       1503;20210816;   10;  15.9;   5.3;    3;  13.6;   4;    2.167;-999;   6.9;  14.9; 1006.89;   15.4;   85.13;   18.4;   12.3;   11.8;eor
       1503;20210817;   10;  13.4;   5.1;    3;   2.4;   6;    2.200;-999;   6.8;  14.3; 1012.25;   15.0;   83.96;   18.4;   12.2;   11.2;eor
       1503;20210818;   10;  12.2;   4.5;    3;   0.1;   6;    0.450;-999;   7.4;  15.6; 1011.46;   16.3;   84.46;   20.3;   12.9;   12.2;eor
       1503;20210819;   10;   7.5;   2.6;    3;   8.4;   6;    0.000;-999;   7.8;  16.9; 1011.22;   16.0;   92.46;   17.7;   14.6;   14.4;eor
       1503;20210820;   10;   7.6;   2.3;    3;   5.3;   6;    4.083;-999;   5.8;  17.3; 1014.81;   16.8;   90.42;   21.9;   12.4;   12.0;eor
       1503;20210821;   10;   4.2;   1.4;    3;   7.2;   6;    2.167;-999;   6.9;  17.5; 1017.20;   17.8;   86.75;   22.8;   12.6;   12.2;eor
       1503;20210822;   10;   6.5;   2.2;    3;  22.5;   6;    0.600;-999;   7.7;  18.8; 1014.25;   17.5;   93.75;   22.0;   15.4;   15.2;eor
       1503;20210823;   10;   8.4;-999;    3;   0.0;   0;   11.000;-999;  -999;  15.4; 1023.24;   17.5;   78.42;   22.1;   13.4;   11.8;eor
       1503;20210824;   10;   6.4;   1.8;    3;   0.0;   0;   11.867;-999;   2.2;  13.6; 1027.70;   15.9;   77.54;   21.6;   10.1;    9.0;eor
       1503;20210825;   10;  11.4;   3.3;    3;   1.9;   6;    3.850;-999;   6.7;  15.0; 1020.20;   14.8;   89.33;   19.7;    9.4;    8.6;eor
       1503;20210826;   10;  10.0;   3.4;    3;   0.1;   6;    6.850;-999;   4.5;  13.8; 1012.85;   15.4;   79.79;   19.6;   11.4;    9.8;eor
       1503;20210827;   10;  10.4;   3.1;    3;   4.1;   6;    3.150;-999;   6.4;  15.0; 1014.94;   14.9;   89.04;   18.9;   12.2;   11.1;eor
       1503;20210828;   10;  10.4;   3.3;    3;   4.2;   6;    0.017;-999;   7.8;  16.1; 1018.15;   15.4;   92.33;   17.8;   13.5;   13.4;eor
       1503;20210829;   10;   8.5;   2.8;    3;   1.9;   6;    0.333;-999;   7.4;  17.0; 1017.55;   16.0;   93.33;   19.1;   13.9;   13.0;eor
       1503;20210830;   10;   7.8;   2.6;    3;   0.1;   4;    3.717;-999;   5.5;  16.4; 1019.57;   16.7;   87.00;   21.8;   11.8;   10.0;eor
       1503;20210831;   10;   8.7;   2.8;    3;   0.0;   0;    9.217;-999;   4.1;  15.0; 1023.55;   16.1;   82.96;   21.5;   10.8;    9.5;eor
       1503;20210901;   10;   5.7;   1.6;    3;   0.0;   0;    6.200;-999;   4.4;  14.6; 1026.75;   16.0;   81.38;   20.9;   10.1;    8.7;eor
       1503;20210902;   10;   3.9;   1.2;    3;   0.0;   0;    5.750;-999;   2.9;  13.3; 1026.47;   13.9;   84.79;   21.0;    8.2;    6.9;eor
       1503;20210903;   10;   6.4;   1.7;    3;   0.0;   0;    5.783;-999;   5.5;  13.6; 1021.46;   13.9;   85.58;   20.7;    7.6;    6.7;eor
       1503;20210904;   10;   5.6;   1.8;    3;   0.0;   4;    6.533;-999;   4.4;  13.4; 1019.42;   15.4;   77.71;   19.9;    9.1;    7.7;eor
       1503;20210905;   10;   5.3;   1.6;    3;   0.0;   4;    6.783;-999;   2.7;  13.2; 1022.11;   13.4;   87.75;   21.0;    8.1;    6.5;eor
       1503;20210906;   10;   4.2;   0.9;    3;   0.0;   6;    5.983;-999;   6.6;  13.0; 1023.73;   14.2;   82.00;   22.1;    6.4;    5.5;eor
       1503;20210907;   10;   2.9;   0.9;    3;   0.0;   0;    6.500;-999;   4.6;  15.3; 1023.22;   16.7;   83.04;   24.2;   10.1;    9.6;eor
       1503;20210908;   10;   7.2;   2.0;    3;   0.0;   0;   12.067;-999;   0.0;  15.0; 1017.38;   17.8;   76.21;   25.7;   10.6;    9.0;eor
       1503;20210909;   10;   5.7;   1.5;    3;  23.5;   6;   11.267;-999;   1.4;  16.7; 1010.19;   19.2;   77.46;   27.5;   11.7;    9.8;eor
       1503;20210910;   10;   8.4;   1.9;    3;  20.8;   6;    2.383;-999;   7.3;  20.7; 1011.51;   19.5;   91.42;   25.1;   16.9;   16.9;eor
       1503;20210911;   10;   7.8;   2.9;    3;   0.0;   6;    0.950;-999;   7.4;  19.3; 1014.14;   18.3;   91.79;   20.5;   17.2;   16.8;eor
       1503;20210912;   10;   7.7;-999;    3;   0.0;   6;    1.533;-999;   7.3;  17.2; 1015.79;   17.1;   88.46;   20.7;   12.9;   11.9;eor
       1503;20210913;   10;   5.2;   1.3;    3;   0.0;   6;    2.967;-999;   5.7;  14.7; 1018.01;   14.9;   87.58;   19.0;    9.6;    8.3;eor
       1503;20210914;   10;   6.7;   1.8;    3;   0.2;   6;    9.717;-999;   3.1;  15.5; 1014.88;   16.0;   85.29;   22.5;    8.5;    7.2;eor
       1503;20210915;   10;   9.6;   2.3;    3;  13.6;   6;    1.483;-999;   6.8;  19.0; 1009.58;   17.9;   92.58;   21.4;   15.3;   14.9;eor
       1503;20210916;   10;  11.0;   4.0;    3;   0.5;   6;    0.733;-999;   6.2;  15.3; 1013.33;   15.6;   86.83;   18.3;   12.9;   11.9;eor
       1503;20210917;   10;   5.1;   1.7;    3;   0.0;   0;    3.367;-999;   5.3;  14.2; 1015.05;   14.3;   87.63;   18.5;    8.5;    7.4;eor
       1503;20210918;   10;   6.6;   1.3;    3;   0.0;   0;    2.500;-999;   7.1;  13.7; 1017.00;   13.4;   88.13;   18.4;    6.9;    5.4;eor
       1503;20210919;   10;   7.9;   2.6;    3;   0.0;   0;    1.950;-999;   5.8;  12.1; 1017.65;   12.8;   82.33;   15.7;    9.8;    8.6;eor
       1503;20210920;   10;   5.7;   1.7;    3;   0.0;   0;    0.933;-999;   6.5;  11.0; 1022.54;   11.6;   81.42;   15.1;    6.2;    4.6;eor
       1503;20210921;   10;   8.6;   2.3;    3;   0.0;   6;    1.583;-999;   7.4;  12.5; 1027.64;   12.8;   84.96;   17.8;    7.6;    7.5;eor
       1503;20210922;   10;   7.7;   2.4;    3;   0.0;   0;    6.283;-999;   3.6;  13.9; 1025.55;   14.0;   88.04;   20.3;    9.5;    6.8;eor
       1503;20210923;   10;  13.0;   4.5;    3;   1.9;   6;    0.450;-999;   5.2;  14.1; 1014.47;   13.9;   88.33;   17.6;   10.9;    9.0;eor
       1503;20210924;   10;   9.9;   3.7;    3;   0.0;   6;    0.883;-999;   7.0;  15.7; 1012.80;   16.0;   85.96;   19.9;   11.5;   10.0;eor
       1503;20210925;   10;   7.3;   2.5;    3;   0.0;   0;    0.417;-999;   7.8;  17.6; 1014.33;   17.5;   87.71;   20.8;   15.6;   15.0;eor
       1503;20210926;   10;   6.1;   1.8;    3;   0.0;   0;    5.300;-999;   6.5;  17.9; 1014.09;   18.0;   87.08;   22.6;   14.7;   12.8;eor
       1503;20210927;   10;   9.4;   3.0;    3;  14.7;   6;    4.467;-999;   5.9;  17.2; 1013.74;   17.0;   89.13;   21.8;   11.7;   10.6;eor
       1503;20210928;   10;   5.9;   2.2;    3;   0.0;   0;    9.533;-999;   2.2;  12.6; 1020.45;   12.6;   87.21;   18.3;    8.9;    6.8;eor
       1503;20210929;   10;  12.2;   3.9;    3;   9.2;   6;    0.367;-999;   7.8;  12.2; 1014.10;   11.0;   92.54;   15.0;    9.3;    8.3;eor
       1503;20210930;   10;  12.8;   5.0;    3;   0.0;   6;    7.867;-999;   5.3;  10.4; 1020.09;   11.9;   75.38;   15.7;    8.5;    7.4;eor
       1503;20211001;   10;  11.4;   4.6;    3;   2.9;   6;    2.300;   0;   7.5;  11.2; 1013.75;   13.8;   71.71;   17.4;   11.4;   10.8;eor
       1503;20211002;   10;  12.4;   3.9;    3;   1.2;   6;    2.600;   0;   7.1;  13.8; 1006.56;   14.4;   84.42;   17.2;   12.3;   11.9;eor
       1503;20211003;   10;  15.9;   5.8;    3;   6.2;   6;    0.000;   0;   7.8;  15.7;  999.12;   15.7;   87.21;   19.3;   10.6;    9.5;eor
       1503;20211004;   10;  10.4;   3.5;    3;   0.0;   0;    5.767;   0;   5.5;  11.7; 1013.37;   12.5;   81.29;   17.7;    9.8;    8.1;eor
       1503;20211005;   10;   9.2;   3.4;    3;   1.3;   6;    4.550;   0;   6.9;  12.1; 1006.82;   12.1;   86.38;   17.1;    8.0;    5.8;eor
       1503;20211006;   10;   9.9;   3.1;    3;   0.3;   6;    0.450;   0;   6.5;  11.8; 1011.83;   10.8;   90.67;   13.5;    7.6;    6.8;eor
       1503;20211007;   10;   5.1;   1.2;    3;   0.0;   0;    0.767;   0;   6.0;  11.4; 1026.95;   10.4;   90.63;   14.8;    4.5;    3.6;eor
       1503;20211008;   10;   6.2;   1.5;    3;   0.0;   0;    8.183;   0;   3.3;  10.7; 1031.36;   10.2;   87.42;   17.8;    3.9;    3.4;eor
       1503;20211009;   10;   7.7;   2.3;    3;   0.0;   0;    9.100;   0;   5.0;  10.2; 1030.22;   10.0;   84.04;   15.7;    2.3;    0.8;eor
       1503;20211010;   10;   4.3;   1.4;    3;   0.4;   6;    8.483;   0;   4.3;   9.0; 1025.82;    7.6;   86.75;   15.1;    0.3;   -1.1;eor
       1503;20211011;   10;  12.6;   2.9;    3;  14.3;   6;    3.850;   0;   6.2;  11.7; 1022.78;   10.9;   90.08;   16.2;    8.1;    5.7;eor
       1503;20211012;   10;  11.9;   3.0;    3;   3.7;   6;    5.133;   0;   5.7;  10.8; 1017.70;    9.8;   89.17;   13.7;    5.6;    3.8;eor
       1503;20211013;   10;   9.3;   2.5;    3;   1.7;   6;    1.733;   0;   5.9;  10.3; 1021.86;    8.8;   90.71;   13.8;    2.8;    0.6;eor
       1503;20211014;   10;  11.4;   4.2;    3;   0.2;   6;    0.283;   0;   7.7;  12.7; 1018.96;   12.9;   86.00;   16.1;   10.8;   10.6;eor
       1503;20211015;   10;  15.3;   4.1;    3;   6.2;   6;    4.767;   0;   4.1;  10.9; 1014.70;   10.9;   84.08;   14.7;    4.8;    2.6;eor
       1503;20211016;   10;   6.6;   2.4;    3;   0.0;   6;    0.000;   0;   7.7;   9.6; 1020.04;    9.0;   84.67;   11.7;    5.7;    4.4;eor
       1503;20211017;   10;   7.5;   3.4;    3;   0.0;   6;    0.017;   0;   7.8;   9.5; 1018.68;   10.7;   74.13;   12.6;    8.7;    8.2;eor
       1503;20211018;   10;   7.6;   3.0;    3;   0.0;   6;    1.000;   0;   7.8;  10.5; 1020.34;   11.7;   76.50;   15.4;    9.5;    7.8;eor
       1503;20211019;   10;  10.7;   4.1;    3;   0.1;   6;    0.000;   0;   7.8;  15.2; 1013.85;   14.5;   90.92;   17.3;   11.3;   10.5;eor
       1503;20211020;   10;  16.1;   6.4;    3;  16.3;   6;    0.050;   0;   7.6;  14.4; 1000.15;   15.9;   79.88;   17.7;   12.3;   11.1;eor
       1503;20211021;   10;  22.9;   6.7;    3;   9.2;   6;    1.083;   0;   6.5;  10.5;  995.57;    9.6;   86.83;   13.6;    6.3;    4.9;eor
       1503;20211022;   10;  20.2;   6.6;    3;   5.5;   6;    1.950;   0;   5.4;   8.7; 1010.70;    7.8;   81.88;   10.7;    5.6;    3.7;eor
       1503;20211023;   10;   8.4;   3.3;    3;   0.0;   6;    5.650;   0;   5.5;   8.8; 1024.87;    8.2;   81.75;   13.0;    4.9;    3.4;eor
       1503;20211024;   10;   8.0;   2.7;    3;   0.0;   0;    8.800;   0;   2.3;   8.4; 1022.98;    8.0;   79.00;   13.1;    4.1;    1.6;eor
       1503;20211025;   10;   8.2;   2.9;    3;   0.0;   6;    0.567;   0;   5.3;  10.2; 1016.33;    8.8;   88.88;   12.3;    3.9;    1.6;eor
       1503;20211026;   10;  10.9;   4.7;    3;   0.3;   6;    0.300;   0;   7.4;  12.4; 1017.06;   12.2;   86.75;   14.0;   10.2;    8.6;eor
       1503;20211027;   10;  10.6;   4.8;    3;   0.0;   6;    0.000;   0;   7.0;  13.6; 1019.20;   13.7;   86.54;   15.3;   10.3;    8.6;eor
       1503;20211028;   10;   7.9;   3.1;    3;   0.0;   0;    8.583;   0;   0.6;  11.2; 1015.25;   11.7;   82.29;   16.7;    8.5;    5.7;eor
       1503;20211029;   10;  11.6;   4.6;    3;   0.1;   6;    6.350;   0;   3.5;  10.5; 1007.19;   12.2;   74.17;   16.3;    8.5;    6.5;eor
       1503;20211030;   10;   9.3;   4.0;    3;   2.5;   6;    0.000;   0;   7.9;  11.5; 1002.94;   11.6;   84.38;   13.4;    9.7;    8.0;eor
       1503;20211031;   10;  15.3;   4.2;    3;  11.0;   6;    2.183;   0;   7.3;  13.2; 1001.09;   12.8;   89.17;   16.0;   10.1;    8.5;eor
       1503;20211101;   10;  13.6;   4.7;    3;   0.0;   0;    4.883;   0;   3.0;  10.3;  997.36;   10.3;   82.13;   12.8;    8.2;    6.2;eor
       1503;20211102;   10;   7.3;   2.4;    3;   0.5;   6;    5.467;   0;   3.6;   9.4;  998.70;    8.1;   87.25;   11.4;    4.9;    1.0;eor
       1503;20211103;   10;   6.0;   1.6;    3;   0.0;   6;    0.033;   0;   7.8;   9.5; 1001.03;    6.7;   96.08;    8.0;    5.1;    4.0;eor
       1503;20211104;   10;   8.2;   2.6;    3;   0.9;   6;    0.000;   0;   7.5;   9.2; 1005.20;    6.5;   95.04;    9.0;    3.7;    3.5;eor
       1503;20211105;   10;   8.6;   3.3;    3;   0.1;   6;    2.133;   0;   5.7;   9.6; 1018.71;    7.7;   91.29;   11.5;    4.7;    3.0;eor
       1503;20211106;   10;  13.4;   5.7;    3;   8.9;   6;    0.000;   0;   7.7;  10.1; 1020.91;    9.1;   86.92;   10.4;    7.0;    5.5;eor
       1503;20211107;   10;  14.4;   7.3;    3;   1.0;   6;    5.050;   0;   5.8;  10.0; 1011.12;    9.4;   84.54;   11.1;    7.3;    6.0;eor
       1503;20211108;   10;   8.7;   4.0;    3;   0.1;   6;    0.383;   0;   6.6;  10.1; 1019.50;    8.3;   91.79;   10.2;    6.3;    4.7;eor
       1503;20211109;   10;   9.1;   3.0;    3;   0.0;   0;    7.483;   0;   3.1;   9.2; 1024.70;    8.2;   85.38;   11.6;    5.0;    2.1;eor
       1503;20211110;   10;   7.0;   2.3;    3;   0.0;   6;    0.000;   0;   7.1;   8.8; 1023.33;    7.2;   85.67;    8.8;    3.9;    1.2;eor
       1503;20211111;   10;   7.1;   2.9;    3;   0.0;   6;    0.000;   0;   7.8;  10.7; 1022.56;    8.9;   92.96;   10.5;    7.9;    7.7;eor
       1503;20211112;   10;   8.4;   3.4;    3;   1.1;   6;    1.617;   0;   7.8;   9.6; 1015.69;    8.5;   86.75;   10.1;    7.6;    6.4;eor
       1503;20211113;   10;   7.4;   2.8;    3;   0.2;   6;    0.000;   0;   7.8;  10.8; 1011.38;    8.6;   96.67;    9.4;    7.9;    7.2;eor
       1503;20211114;   10;   7.1;   2.5;    3;   0.0;   6;    0.000;   0;   7.8;  10.1; 1023.78;    8.1;   93.46;    9.1;    6.4;    6.5;eor
       1503;20211115;   10;   7.4;   3.2;    3;   0.0;   6;    0.000;   0;   8.0;   8.1; 1027.18;    5.7;   87.71;    6.4;    5.3;    5.2;eor
       1503;20211116;   10;   6.6;   2.0;    3;   0.1;   6;    0.000;   0;   8.0;   7.7; 1022.32;    4.5;   91.42;    5.3;    4.0;    3.9;eor
       1503;20211117;   10;  12.4;   4.4;    3;   0.4;   6;    0.583;   0;   6.9;   8.8; 1018.35;    6.7;   89.67;   10.4;    4.0;    3.9;eor
       1503;20211118;   10;  13.1;   5.9;    3;   0.3;   6;    0.017;   0;   7.5;  10.6; 1023.03;    9.3;   90.17;   11.6;    6.6;    5.5;eor
       1503;20211119;   10;  12.2;   6.1;    3;   0.0;   0;    0.133;   0;   7.8;  12.6; 1024.68;   11.9;   89.88;   13.0;   10.4;   10.2;eor
       1503;20211120;   10;  10.2;   5.2;    3;   2.0;   6;    0.000;   0;   7.7;  11.4; 1020.00;   10.1;   92.58;   11.0;    8.9;    8.0;eor
       1503;20211121;   10;  14.5;   4.0;    3;   1.6;   6;    4.850;   0;   5.1;   9.5; 1011.06;    7.9;   88.88;   10.4;    4.9;    3.0;eor
       1503;20211122;   10;   6.1;   2.1;    3;   0.3;   6;    6.350;   0;   1.7;   7.2; 1025.06;    4.1;   88.50;    8.0;   -0.2;   -2.4;eor
       1503;20211123;   10;   7.4;   3.1;    3;   0.2;   6;    4.400;   0;   5.7;   9.4; 1027.16;    6.8;   95.29;   10.4;    4.0;    0.2;eor
       1503;20211124;   10;   6.6;   2.5;    3;   0.1;   6;    0.000;   0;   7.9;   8.6; 1020.73;    6.4;   89.83;    7.7;    4.8;    4.2;eor
       1503;20211125;   10;   8.5;   3.3;    3;   0.6;   6;    0.250;   0;   5.8;   7.9; 1008.33;    4.9;   90.42;    6.9;    2.5;    0.9;eor
       1503;20211126;   10;  12.9;   5.0;    3;   0.9;   6;    0.583;   0;   7.4;   7.1;  992.81;    3.6;   89.21;    5.5;    2.4;    1.2;eor
       1503;20211127;   10;   7.7;   3.6;    3;   4.2;   6;    0.000;   0;   7.8;   7.2;  988.00;    3.2;   93.71;    4.6;    1.5;    1.6;eor
       1503;20211128;   10;   8.7;   3.1;    3;   1.6;   6;    0.183;   0;   7.4;   7.1;  995.68;    2.7;   95.25;    4.2;    1.7;    0.9;eor
       1503;20211129;   10;   6.8;   2.5;    3;   0.8;   6;    2.433;   0;   7.0;   7.0; 1004.57;    2.8;   93.00;    4.1;    1.2;   -0.9;eor
       1503;20211130;   10;  14.9;   6.2;    3;   6.0;   6;    0.433;   0;   7.4;   8.4; 1001.30;    6.0;   90.04;    8.2;    3.3;    3.0;eor
       1503;20211201;   10;  23.5;   9.5;    3;   1.9;   6;    0.183;   0;   7.5;   9.2;  987.75;    7.6;   86.88;    9.9;    3.5;    2.2;eor
       1503;20211202;   10;  10.8;   3.7;    3;   1.1;   8;    0.633;   0;   4.6;   6.2;  999.86;    1.4;   91.42;    4.2;   -0.3;   -1.9;eor
       1503;20211203;   10;  13.3;   5.8;    3;   0.7;   8;    0.000;   0;   7.2;   6.6; 1003.42;    2.0;   92.92;    4.2;   -0.2;   -1.5;eor
       1503;20211204;   10;   8.7;   3.5;    3;   5.0;   6;    0.000;   0;   7.8;   7.6;  995.89;    3.7;   95.33;    4.8;    1.3;    1.5;eor
       1503;20211205;   10;   6.4;   2.5;    3;   1.7;   8;    0.000;   0;   7.8;   7.5; 1002.74;    3.2;   97.00;    4.5;    0.9;    1.0;eor
       1503;20211206;   10;   8.5;   3.9;    3;   1.2;   6;    0.000;   0;   8.0;   6.5; 1011.47;    1.8;   92.79;    3.1;    1.3;    0.9;eor
       1503;20211207;   10;  13.6;   4.5;    3;   2.4;   8;    2.367;   0;   7.0;   6.8; 1004.49;    2.8;   90.75;    5.6;    1.6;    1.3;eor
       1503;20211208;   10;  14.0;   5.6;    3;   0.0;   0;    1.717;   0;   7.3;   7.0;  996.95;    3.5;   89.00;    6.2;    0.8;   -0.5;eor
       1503;20211209;   10;   8.2;   3.2;    3;   0.0;   6;    4.050;   0;   6.3;   6.8; 1001.89;    2.7;   91.00;    4.8;    0.5;   -2.2;eor
       1503;20211210;   10;   7.4;   3.2;    3;   0.0;   6;    5.350;   0;   6.8;   6.8;  996.76;    3.4;   87.25;    5.2;    0.3;   -2.4;eor
       1503;20211211;   10;   7.3;   2.9;    3;   1.4;   6;    5.133;   0;   4.7;   6.3; 1012.61;    1.2;   94.25;    4.6;   -1.2;   -3.7;eor
       1503;20211212;   10;   9.2;   4.3;    3;   3.7;   6;    0.000;   0;   7.8;   9.7; 1018.89;    6.4;   98.88;   10.0;    2.2;    2.2;eor
       1503;20211213;   10;   7.5;   3.6;    3;   0.0;   6;    0.000;   0;   8.0;  11.2; 1024.17;    9.4;   94.50;   10.3;    8.3;    7.7;eor
       1503;20211214;   10;   7.8;   4.0;    3;   0.6;   6;    0.000;   0;   7.8;  10.4; 1024.63;    8.4;   94.17;    9.5;    7.4;    6.4;eor
       1503;20211215;   10;   9.5;   4.3;    3;   0.0;   0;    0.017;   0;   6.4;  10.8; 1027.79;    9.5;   90.75;   10.6;    7.6;    5.7;eor
       1503;20211216;   10;   6.1;   2.4;    3;   0.3;   6;    0.000;   0;   8.0;  10.7; 1035.21;    8.4;   96.75;    9.2;    7.9;    7.3;eor
       1503;20211217;   10;   5.9;   2.3;    3;   0.1;   6;    0.000;   0;   8.0;  10.5; 1038.97;    8.0;   97.92;    9.1;    7.0;    7.1;eor
       1503;20211218;   10;   9.9;   3.5;    3;   0.2;   6;    0.000;   0;   7.9;   9.8; 1036.80;    7.4;   95.29;    9.0;    5.8;    6.0;eor
       1503;20211219;   10;  11.7;   5.1;    3;   0.0;   6;    0.017;   0;   7.5;   9.0; 1027.90;    7.1;   88.50;    8.1;    2.6;   -1.4;eor
       1503;20211220;   10;   4.0;   0.9;    3;   0.0;   0;    6.000;   0;   0.9;   5.9; 1027.46;    0.4;   93.71;    4.9;   -2.3;   -5.5;eor
       1503;20211221;   10;   2.8;   1.1;    3;   0.0;   0;    4.750;   0;   3.5;   5.0; 1026.41;   -2.2;   95.83;    2.2;   -4.3;   -5.7;eor
       1503;20211222;   10;   3.8;   2.0;    3;   0.0;   6;    4.617;   0;   6.6;   4.5; 1023.66;   -3.3;   93.83;   -0.7;   -5.4;   -6.5;eor
       1503;20211223;   10;   9.7;   3.8;    3;  11.0;   8;    0.000;   0;   7.7;   5.8; 1007.87;    0.2;   91.46;    4.2;   -2.5;   -3.0;eor
       1503;20211224;   10;   9.8;   3.8;    3;   9.9;   6;    0.000;   0;   7.7;   7.6; 1001.66;    3.5;   94.75;    7.8;   -2.3;   -3.4;eor
       1503;20211225;   10;   9.6;   3.1;    3;   0.0;   0;    6.083;   0;   0.6;   3.4; 1012.16;   -4.0;   75.83;   -1.7;   -6.6;   -8.1;eor
       1503;20211226;   10;   9.6;   4.0;    3;   0.0;   6;    6.083;   0;   2.2;   3.2; 1009.20;   -4.6;   72.88;   -1.3;   -7.7;   -8.9;eor
       1503;20211227;   10;   7.5;   4.0;    3;   0.2;   6;    0.000;   0;   7.8;   5.4; 1000.70;   -0.3;   89.17;    2.7;   -2.8;   -2.8;eor
       1503;20211228;   10;   8.3;   3.7;    3;   3.6;   6;    0.183;   0;   7.4;   8.4;  992.37;    4.7;   98.08;    6.7;    2.6;    2.0;eor
       1503;20211229;   10;   7.9;   3.0;    3;   1.9;   6;    0.000;   0;   7.8;   9.5; 1002.27;    6.2;   99.71;    9.2;    4.0;    2.6;eor
       1503;20211230;   10;  13.9;   6.2;    3;   4.2;   6;    0.000;   0;   7.3;  12.9; 1009.83;   11.1;   96.92;   13.3;    8.1;    6.5;eor
       1503;20211231;   10;  14.7;   7.9;    3;   4.9;   6;    0.000;   0;   7.8;  12.9; 1013.92;   12.9;   86.83;   13.9;   11.6;   11.2;eor
       1503;20220101;   10;  10.1;   5.0;    3;   4.1;   6;    0.000;   0;   7.9;  12.6; 1019.51;   12.2;   88.88;   13.3;   11.3;   10.9;eor
       1503;20220102;   10;  20.0;   6.6;    3;   6.2;   6;    0.267;   0;   7.6;  11.7; 1008.75;   11.3;   87.25;   13.0;    9.0;    7.9;eor
       1503;20220103;   10;  17.4;   8.0;    3;   0.1;   6;    0.567;   0;   7.2;   9.5; 1004.32;    9.3;   81.00;   10.5;    7.6;    6.5;eor
       1503;20220104;   10;  12.5;   4.2;    3;   2.4;   6;    0.000;   0;   6.9;   8.5;  995.03;    5.9;   89.75;    8.1;    2.4;    1.0;eor
       1503;20220105;   10;  16.9;   7.3;    3;   5.6;   8;    1.367;   0;   4.9;   6.9;  999.04;    4.1;   83.88;    7.1;    2.2;    0.9;eor
       1503;20220106;   10;   8.8;   3.2;    3;   0.3;   8;    4.967;   0;   3.1;   6.4; 1014.76;    2.4;   87.92;    5.7;    0.4;   -3.0;eor
       1503;20220107;   10;  12.8;   5.2;    3;   1.6;   6;    0.250;   0;   6.8;   6.8; 1008.11;    2.9;   89.96;    4.9;    1.0;   -0.1;eor
       1503;20220108;   10;  14.6;   5.3;    3;   4.7;   6;    3.550;   0;   5.4;   6.4; 1002.45;    1.9;   91.46;    3.9;    0.3;   -1.3;eor
       1503;20220109;   10;  11.3;   5.0;    3;   5.6;   6;    0.033;   0;   7.5;   7.7;  995.52;    4.4;   91.42;    6.4;    2.4;    0.8;eor
       1503;20220110;   10;   4.0;   1.7;    3;   0.0;   0;    6.283;   0;   2.7;   6.8; 1020.00;    2.2;   95.17;    6.2;   -1.3;   -3.0;eor
       1503;20220111;   10;   5.7;   2.6;    3;   0.2;   6;    3.433;   0;   7.3;   5.9; 1031.79;    1.0;   90.33;    4.0;   -2.4;   -3.4;eor
       1503;20220112;   10;   8.9;   3.7;    3;   0.0;   0;    0.050;   0;   7.8;   7.9; 1036.52;    3.7;   98.38;    5.0;    2.6;    2.4;eor
       1503;20220113;   10;  10.8;   5.4;    3;   0.0;   0;    0.000;   0;   8.0;   8.6; 1036.42;    5.2;   97.38;    6.7;    4.3;    4.4;eor
       1503;20220114;   10;   9.7;   4.1;    3;   0.2;   6;    0.000;   0;   8.0;   9.0; 1032.70;    6.3;   93.79;    6.9;    5.6;    5.2;eor
       1503;20220115;   10;   6.5;   2.2;    3;   0.0;   0;    0.017;   0;   7.9;   8.3; 1027.45;    5.0;   95.04;    6.2;    3.6;    1.9;eor
       1503;20220116;   10;  11.3;   5.1;    3;   0.9;   6;    0.000;   0;   7.7;   7.8; 1020.80;    4.5;   92.83;    6.8;    1.7;    1.8;eor
       1503;20220117;   10;  16.5;   7.1;    3;   0.1;   6;    0.633;   0;   7.4;   8.3; 1028.33;    6.6;   84.33;    9.0;    5.2;    4.7;eor
       1503;20220118;   10;   7.5;   3.1;    3;   0.0;   6;    0.000;   0;   7.5;   8.5; 1035.63;    5.8;   91.75;    7.0;    4.2;    3.3;eor
       1503;20220119;   10;  13.0;   5.1;    3;   1.1;   8;    0.000;   0;   7.0;   7.5; 1021.41;    4.1;   90.88;    6.5;    1.9;    0.5;eor
       1503;20220120;   10;  17.1;   6.5;    3;   0.4;   8;    3.050;   0;   5.5;   5.7; 1022.51;    2.6;   77.54;    4.6;    0.5;   -1.3;eor
       1503;20220121;   10;  12.6;   4.9;    3;   1.9;   6;    0.283;   0;   7.0;   7.5; 1028.69;    3.6;   93.54;    6.3;    0.5;   -0.9;eor
       1503;20220122;   10;   9.9;   4.3;    3;   0.3;   6;    0.200;   0;   7.5;   9.1; 1030.32;    6.2;   95.92;    7.1;    5.0;    4.2;eor
       1503;20220123;   10;   5.7;   2.6;    3;   0.0;   0;    0.000;   0;   7.8;   8.2; 1034.24;    5.8;   89.00;    7.7;    4.8;    4.1;eor
       1503;20220124;   10;   5.1;   1.7;    3;   0.0;   6;    0.000;   0;   8.0;   7.0; 1033.94;    4.8;   81.58;    5.5;    3.7;    3.5;eor
       1503;20220125;   10;   5.2;   2.3;    3;   0.0;   6;    0.000;   0;   7.9;   7.2; 1032.56;    3.5;   91.42;    3.9;    3.0;    2.9;eor
       1503;20220126;   10;  11.9;   5.0;    3;   0.0;   6;    0.000;   0;   7.8;   7.1; 1027.80;    3.2;   92.13;    5.2;    1.7;    1.5;eor
       1503;20220127;   10;  20.6;   8.5;    3;   6.1;   8;    0.100;   0;   6.9;   8.1; 1018.16;    6.0;   86.38;    8.8;    4.5;    3.3;eor
       1503;20220128;   10;  18.5;   5.4;    3;   0.1;   6;    0.950;   0;   7.5;   6.8; 1028.06;    5.5;   75.29;    7.1;    4.3;    3.3;eor
       1503;20220129;   10;  25.8;  10.2;    3;   0.4;   6;    0.000;   0;   7.3;   9.2; 1016.97;    8.3;   84.13;   11.7;    6.2;    4.4;eor
       1503;20220130;   10;  19.1;   7.9;    3;   3.7;   8;    1.800;   0;   5.7;   6.2; 1021.64;    5.3;   70.13;    7.1;    3.1;    1.7;eor
       1503;20220131;   10;  11.7;   5.1;    3;   0.2;   6;    1.817;   0;   7.5;   7.2; 1006.90;    4.1;   87.50;    7.5;    1.4;    1.1;eor
       1503;20220201;   10;  21.0;   7.6;    3;   2.8;   8;    0.000;   0;   7.4;   7.8; 1008.94;    5.6;   85.08;    8.6;    2.6;    1.5;eor
       1503;20220202;   10;  16.6;   6.4;    3;   2.0;   6;    2.250;   0;   7.1;   7.2; 1014.50;    5.6;   79.63;    7.7;    2.4;    0.1;eor
       1503;20220203;   10;  10.5;   4.5;    3;   0.9;   6;    0.000;   0;   7.7;   9.5; 1012.53;    6.9;   95.04;    8.2;    4.3;    3.9;eor
       1503;20220204;   10;  16.2;   6.7;    3;   6.5;   6;    0.017;   0;   7.4;   8.4; 1005.39;    6.2;   87.79;    9.1;    2.6;    2.0;eor
       1503;20220205;   10;  16.0;   7.7;    3;  12.6;   6;    2.500;   0;   5.1;   7.2; 1011.90;    5.0;   82.42;    6.7;    3.0;    1.5;eor
       1503;20220206;   10;  22.8;   8.3;    3;  17.9;   8;    0.000;   0;   7.3;   8.7;  997.28;    6.2;   89.92;    8.7;    2.6;    1.6;eor
       1503;20220207;   10;  19.8;   7.3;    3;   0.3;   6;    3.917;   0;   5.0;   6.9; 1015.60;    5.1;   78.54;    7.7;    2.7;    1.7;eor
       1503;20220208;   10;  13.7;   6.9;    3;   0.9;   6;    0.000;   0;   7.6;  10.0; 1021.52;    8.1;   91.79;    9.9;    5.0;    4.5;eor
       1503;20220209;   10;  12.4;   5.5;    3;   6.4;   6;    0.000;   0;   7.8;  10.2; 1021.27;    8.5;   91.96;    9.4;    7.1;    5.8;eor
       1503;20220210;   10;   9.1;   3.6;    3;   3.0;   8;    0.767;   0;   7.7;   8.5; 1017.55;    6.3;   88.21;    7.8;    3.6;    1.7;eor
       1503;20220211;   10;  17.7;   5.5;    3;   2.3;   8;    0.567;   0;   5.9;   6.7; 1023.62;    3.8;   83.50;    6.2;    0.3;   -3.1;eor
       1503;20220212;   10;  11.7;   4.0;    3;   0.0;   0;    8.367;   0;   3.3;   5.2; 1026.06;    2.2;   73.04;    6.0;   -0.8;   -2.5;eor
       1503;20220213;   10;  14.0;   6.1;    3;   0.0;   0;    2.950;   0;   7.4;   5.7; 1009.51;    4.9;   65.54;    8.7;    1.0;   -0.4;eor
       1503;20220214;   10;  14.5;   6.8;    3;   0.1;   6;    1.500;   0;   6.1;   8.2;  998.64;    9.2;   70.46;   11.4;    6.1;    4.5;eor
       1503;20220215;   10;  15.6;   6.7;    3;   8.7;   6;    1.383;   0;   7.5;   8.1; 1004.64;    7.0;   81.54;    8.9;    5.9;    5.0;eor
       1503;20220216;   10;  24.7;   8.3;    3;  13.3;   6;    0.000;   0;   7.7;  11.2;  990.92;    9.9;   91.67;   12.8;    7.0;    6.1;eor
       1503;20220217;   10;  28.9;  13.1;    3;   0.3;   6;    0.883;   0;   7.0;   7.4;  996.22;    7.9;   68.92;   11.1;    5.3;    4.0;eor
       1503;20220218;   10;  31.3;   9.4;    3;   5.1;   8;    0.017;   0;   7.1;   8.2;  994.62;    6.8;   83.00;   11.1;    4.2;    2.9;eor
       1503;20220219;   10;  29.0;   9.9;    3;   3.0;   8;    3.350;   0;   6.5;   6.8; 1003.67;    4.9;   78.92;    7.2;    1.9;    1.5;eor
       1503;20220220;   10;  20.4;   7.6;    3;  29.0;   8;    0.000;   0;   7.4;   9.4;  998.20;    6.8;   93.13;   10.3;    3.0;    2.2;eor
       1503;20220221;   10;  22.5;   9.6;    3;   8.6;   8;    0.300;   0;   6.9;   7.3;  994.20;    5.1;   83.21;    6.8;    1.6;    0.7;eor
       1503;20220222;   10;  16.9;   6.7;    3;   5.2;   6;    1.800;   0;   4.7;   7.9; 1011.69;    5.8;   85.13;    8.7;    3.3;    1.9;eor
       1503;20220223;   10;  14.5;   6.0;    3;   0.0;   0;    9.217;   0;   2.2;   7.4; 1019.16;    7.2;   73.79;   10.8;    3.8;    2.2;eor
       1503;20220224;   10;  19.9;   7.1;    3;   4.1;   8;    2.133;   0;   6.2;   7.2; 1007.29;    6.6;   74.67;   10.3;    2.8;    1.5;eor
       1503;20220225;   10;  19.7;   6.9;    3;   0.6;   8;    2.767;   0;   4.0;   6.7; 1016.95;    4.2;   81.25;    6.4;    1.8;    0.1;eor
       1503;20220226;   10;   5.5;   1.8;    3;   0.0;   0;    8.800;   0;   0.8;   6.2; 1033.13;    3.4;   80.63;    9.3;   -0.4;   -3.3;eor
       1503;20220227;   10;  10.9;   4.0;    3;   0.0;   0;    9.567;   0;   0.0;   5.7; 1033.46;    3.2;   75.21;    8.2;   -0.6;   -3.6;eor
       1503;20220228;   10;-999;-999;    3;   0.0;   0;    9.700;   0;  -999;  -999;    -999;    3.0;-999;   10.0;   -2.0;   -5.0;eor
       1503;20220301;   10;-999;-999;    3;   0.0;   0;    4.200;-999;  -999;  -999;    -999;    4.0;-999;   10.0;    0.0;   -3.0;eor
       1503;20220302;   10;-999;-999;    3;   0.0;   0;   10.000;-999;  -999;  -999;    -999;    4.0;-999;    9.5;    0.0;   -4.0;eor
       1503;20220303;   10;   7.5;   2.6;    3;   0.0;   0;    9.850;   0;   0.9;   5.8; 1021.23;    3.0;   77.46;    8.9;   -1.1;   -4.3;eor
       1503;20220304;   10;   9.3;   4.1;    3;   0.0;   0;    9.400;   0;   1.9;   5.6; 1023.10;    1.7;   82.08;    6.3;   -1.0;   -3.8;eor
       1503;20220305;   10;  11.0;   3.3;    3;   0.0;   0;    9.950;   0;   0.0;   5.1; 1023.10;    1.8;   73.71;    6.9;   -1.7;   -4.8;eor
       1503;20220306;   10;   8.3;   2.8;    3;   0.0;   0;    6.817;   0;   3.6;   5.1; 1026.68;    1.4;   76.13;    5.1;   -1.6;   -4.8;eor
       1503;20220307;   10;   6.7;   1.4;    3;   0.0;   0;    6.100;   0;   1.8;   5.4; 1027.00;    1.5;   81.71;    7.7;   -2.5;   -5.9;eor
       1503;20220308;   10;  11.5;   3.3;    3;   0.0;   0;   10.267;   0;   0.1;   5.3; 1023.60;    3.6;   69.54;   10.1;   -2.0;   -5.6;eor
       1503;20220309;   10;   9.0;   3.5;    3;   0.0;   0;   10.333;   0;   0.0;   5.1; 1023.26;    5.8;   57.00;   12.7;   -0.5;   -4.9;eor
       1503;20220310;   10;  10.5;   4.7;    3;   0.0;   0;   10.417;   0;   1.8;   5.8; 1024.18;    7.1;   59.13;   14.7;    0.1;   -4.3;eor
       1503;20220311;   10;  15.7;   7.6;    3;   0.0;   0;   10.483;   0;   0.5;   4.7; 1018.61;    5.5;   53.75;   10.3;    0.8;   -0.5;eor
       1503;20220312;   10;  10.1;   4.7;    3;   0.0;   0;    6.817;   0;   6.9;   5.5; 1017.35;    7.5;   51.21;   14.4;    2.1;    1.0;eor
       1503;20220313;   10;   8.9;   4.1;    3;   0.5;   6;    5.150;   0;   6.5;   5.0; 1015.72;    7.6;   48.42;   13.2;    1.5;   -0.5;eor
       1503;20220314;   10;  10.6;   2.5;    3;  15.4;   6;    0.067;   0;   5.8;   8.8; 1022.66;    7.1;   86.42;    9.8;    2.2;   -0.6;eor
       1503;20220315;   10;   6.5;   1.6;    3;   0.1;   6;    1.500;   0;   4.2;   8.4; 1025.32;    5.2;   94.29;   11.0;    0.2;   -1.6;eor
       1503;20220316;   10;  12.9;   4.5;    3;   0.0;   6;    6.183;   0;   6.0;   8.1; 1024.40;    7.3;   80.38;   13.4;   -0.2;   -2.0;eor
       1503;20220317;   10;  12.3;   5.2;    3;   0.4;   6;    4.283;   0;   4.5;   8.0; 1027.18;    7.7;   75.96;   10.4;    0.5;   -2.3;eor
       1503;20220318;   10;   7.7;   2.2;    3;   0.0;   0;   10.483;   0;   0.3;   7.6; 1042.64;    6.3;   80.21;   14.5;   -0.5;   -2.9;eor
       1503;20220319;   10;  12.3;   4.3;    3;   0.0;   0;   10.600;   0;   0.1;   6.7; 1043.16;    6.8;   69.63;   12.2;    1.1;   -2.4;eor
       1503;20220320;   10;  16.9;   6.5;    3;   0.0;   6;   10.083;   0;   2.0;   6.1; 1031.51;    7.4;   60.50;   12.5;    2.0;    0.1;eor
       1503;20220321;   10;   7.5;   2.0;    3;   0.0;   0;   10.533;   0;   1.8;   7.1; 1030.90;    9.7;   60.00;   16.9;    3.1;   -1.1;eor
       1503;20220322;   10;   4.2;   1.4;    3;   0.0;   0;   10.050;   0;   1.8;   8.0; 1031.39;   10.6;   64.54;   18.9;    2.7;   -0.3;eor
       1503;20220323;   10;   6.2;   1.9;    3;   0.0;   0;   11.167;   0;   0.0;   6.8; 1030.53;    9.7;   61.88;   17.6;    2.3;   -1.3;eor
       1503;20220324;   10;   6.3;   1.5;    3;   0.0;   0;   11.050;   0;   0.0;   7.4; 1028.82;    9.2;   68.92;   17.8;    1.1;   -2.3;eor
       1503;20220325;   10;   6.1;   1.7;    3;   0.0;   0;   10.233;   0;   2.0;   7.9; 1030.15;    8.2;   75.96;   16.7;    0.2;   -0.7;eor
       1503;20220326;   10;   9.4;   3.1;    3;   0.0;   0;    5.833;   0;   4.6;   9.1; 1031.25;    8.3;   83.13;   15.3;    1.6;   -1.4;eor
       1503;20220327;   10;   4.7;   1.7;    3;   0.1;   6;    6.883;   0;   4.3;   8.6; 1030.78;    7.7;   82.71;   14.9;    4.1;    0.9;eor
       1503;20220328;   10;   7.0;   2.4;    3;   0.0;   6;    0.933;   0;   7.6;   8.5; 1022.24;    6.4;   89.29;   10.0;    3.9;    4.3;eor
       1503;20220329;   10;   7.4;   2.5;    3;   0.8;   6;    2.167;   0;   6.8;   7.7; 1012.40;    6.7;   78.17;    9.9;    2.7;   -0.7;eor
       1503;20220330;   10;   8.3;   2.5;    3;   2.8;   6;    0.450;   0;   7.7;   7.1; 1005.15;    4.4;   84.88;    6.9;    2.6;    0.9;eor
       1503;20220331;   10;  14.1;   5.4;    3;   4.8;   8;    0.000;   0;   7.2;   6.0; 1002.50;    2.3;   83.54;    5.1;    0.2;    0.1;eor
       1503;20220401;    3;  14.3;   7.0;    3;   0.0;   8;    0.000;   0;   5.5;   4.9; 1010.49;    2.4;   66.96;    4.2;    0.4;    0.3;eor
       1503;20220402;    3;  11.3;   4.3;    3;   0.0;   7;    4.083;   0;   6.3;   4.8; 1018.20;    2.5;   67.00;    5.9;   -1.1;   -4.1;eor
       1503;20220403;    3;  11.9;   4.2;    3;   0.7;   8;    7.050;   0;   5.4;   5.8; 1019.31;    3.0;   77.50;    8.7;   -1.8;   -5.4;eor
       1503;20220404;    3;  19.5;   8.3;    3;   8.3;   8;    0.000;   0;   7.4;   8.0; 1003.69;    5.5;   87.38;    9.2;    1.9;    0.5;eor
       1503;20220405;    3;  11.4;   5.2;    3;   5.8;   6;    0.000;   0;   7.9;   9.7; 1001.42;    7.9;   90.83;    9.9;    5.4;    4.6;eor
       1503;20220406;    3;  16.0;   8.0;    3;   2.9;   6;    0.000;   0;   7.7;  10.1;  995.40;    9.4;   85.46;   10.4;    8.5;    7.7;eor
       1503;20220407;    3;  27.1;   9.8;    3;  14.5;   8;    3.333;   0;   7.2;   8.8;  981.71;    7.9;   82.67;   11.2;    2.9;    1.6;eor
       1503;20220408;    3;  16.9;   6.6;    3;   3.1;   6;    3.967;   0;   6.9;   7.2;  994.45;    5.5;   79.46;    8.4;    2.9;    1.7;eor
       1503;20220409;    3;  18.6;   6.7;    3;   3.2;   6;    6.750;   0;   4.1;   7.1; 1006.38;    4.9;   82.04;    8.6;    2.2;    0.9;eor
       1503;20220410;    3;  14.3;   5.1;    3;   2.5;   8;    8.217;   0;   4.2;   7.0; 1017.27;    4.8;   81.25;    9.0;    1.1;   -1.9;eor
       1503;20220411;    3;   6.0;   1.6;    3;   0.0;   0;   10.217;   0;   6.1;   6.6; 1017.53;    6.7;   70.04;   13.2;   -0.6;   -2.9;eor
       1503;20220412;    3;  11.4;   5.4;    3;   0.0;   0;    7.733;   0;   6.8;   8.5; 1011.83;   11.8;   61.79;   18.6;    5.0;    3.5;eor
       1503;20220413;    3;  10.3;   2.8;    3;   0.6;   6;    5.217;   0;   7.0;  12.0; 1014.82;   14.2;   73.83;   19.5;    9.0;    5.4;eor
       1503;20220414;    3;  10.3;   4.0;    3;   0.0;   6;    7.083;   0;   5.2;  11.7; 1019.93;   11.9;   84.21;   17.2;    7.6;    7.0;eor
       1503;20220415;    3;   7.4;   3.0;    3;   0.0;   6;    0.000;   0;   7.7;   9.2; 1027.44;    8.2;   84.38;    9.8;    6.5;    5.3;eor
       1503;20220416;    3;   9.7;   3.5;    3;   0.0;   0;   12.983;   0;   1.3;   7.0; 1033.48;    8.7;   64.21;   13.6;    4.2;   -0.1;eor
       1503;20220417;    3;   9.5;   3.3;    3;   0.0;   0;   13.050;   0;   0.2;   6.1; 1027.60;    9.8;   52.50;   16.2;    2.1;   -1.7;eor
       1503;20220418;    3;   7.9;   3.1;    3;   0.0;   0;   13.100;   0;   0.5;   6.8; 1018.90;   11.7;   51.58;   18.3;    4.4;    1.4;eor
       1503;20220419;    3;  11.4;   3.8;    3;   0.0;   0;   13.017;   0;   0.5;   7.7; 1016.21;   11.0;   59.54;   16.8;    4.6;   -0.1;eor
       1503;20220420;    3;  10.4;   3.6;    3;   0.0;   0;   13.150;   0;   2.9;   7.7; 1017.43;   10.1;   64.21;   16.8;    3.1;   -0.3;eor
       1503;20220421;    3;  10.9;   4.0;    3;   0.0;   0;    8.633;   0;   5.0;   8.4; 1014.15;   11.1;   65.04;   17.2;    4.8;    1.5;eor
       1503;20220422;    3;  12.3;   4.7;    3;   0.0;   0;    9.717;   0;   3.6;   9.1; 1009.55;   11.9;   66.58;   17.9;    5.5;    3.8;eor
       1503;20220423;    3;  15.6;   5.7;    3;   0.0;   0;   13.350;   0;   0.1;   8.2; 1007.83;   12.8;   58.08;   18.0;    8.2;    6.7;eor
       1503;20220424;    3;  12.1;   5.4;    3;   0.0;   6;    9.550;   0;   3.5;   8.2; 1006.66;   10.3;   66.92;   15.6;    5.5;    3.7;eor
       1503;20220425;    3;   8.1;   3.3;    3;   0.0;   6;    1.183;   0;   7.0;   8.6; 1012.22;    9.0;   75.46;   13.8;    5.9;    3.4;eor
       1503;20220426;    3;   9.1;   3.2;    3;   0.0;   0;    4.400;   0;   4.8;   8.6; 1017.87;    8.6;   78.21;   14.3;    1.9;   -2.1;eor
       1503;20220427;    3;   7.9;   1.8;    3;   0.0;   0;    3.033;   0;   4.0;   7.2; 1025.65;    6.4;   77.21;   12.9;   -0.8;   -4.0;eor
       1503;20220428;    3;   7.9;   2.4;    3;   0.0;   0;    5.250;   0;   4.9;   7.9; 1029.99;    7.3;   78.42;   14.6;   -0.6;   -4.0;eor
       1503;20220429;    3;   8.8;   2.6;    3;   0.0;   0;    3.300;   0;   7.0;   7.8; 1029.23;    7.1;   79.33;   12.6;    1.7;   -1.5;eor
       1503;20220430;    3;   7.4;   2.3;    3;   0.0;   0;    4.717;   0;   5.1;   7.6; 1025.67;    7.7;   75.38;   13.0;    0.0;   -3.1;eor
       1503;20220501;    3;   6.5;   1.6;    3;   0.0;   0;    1.883;   0;   6.4;   8.0; 1023.30;    8.3;   75.63;   14.0;    2.4;   -0.3;eor
       1503;20220502;    3;   9.4;   2.0;    3;   0.0;   0;   11.517;   0;   2.4;   7.7; 1019.72;    9.6;   68.67;   17.9;    1.0;   -1.9;eor
       1503;20220503;    3;   7.4;   2.4;    3;   0.0;   0;    0.817;   0;   6.3;   8.0; 1018.68;    8.0;   75.79;   13.3;    1.0;   -2.0;eor
       1503;20220504;    3;   8.4;   2.2;    3;   0.0;   0;   10.333;   0;   7.3;   7.1; 1018.54;    9.1;   62.58;   14.5;    2.6;   -0.3;eor
       1503;20220505;    3;   6.8;   1.5;    3;   0.0;   0;    5.867;   0;   6.4;   8.0; 1021.72;   10.2;   68.38;   18.5;    1.0;   -1.4;eor
       1503;20220506;    3;   9.1;   2.0;    3;   0.0;   6;   10.717;   0;   4.0;  10.2; 1023.29;   14.3;   65.88;   21.6;    5.3;    2.1;eor
       1503;20220507;    3;   9.4;   2.5;    3;   0.0;   6;    4.767;   0;   6.8;  11.4; 1023.13;   13.5;   74.50;   19.8;    6.1;    3.0;eor
       1503;20220508;    3;   8.9;   2.5;    3;   0.0;   0;   13.650;   0;   2.4;   7.7; 1027.62;    9.5;   68.63;   16.8;    2.4;   -1.0;eor
       1503;20220509;    3;   9.9;   2.4;    3;   0.0;   0;   13.100;   0;   3.3;   8.9; 1024.42;   14.2;   60.33;   24.2;    1.7;   -1.3;eor
       1503;20220510;    3;  15.1;   4.4;    3;   0.9;   6;    1.933;   0;   8.0;  11.4; 1015.01;   17.6;   58.08;   25.9;   10.4;    7.7;eor
       1503;20220511;    3;  17.0;   5.0;    3;   1.6;   6;    7.150;   0;   7.1;  10.9; 1008.66;   17.1;   58.88;   23.8;   12.6;   11.3;eor
       1503;20220512;    3;  15.4;   5.9;    3;   0.0;   0;   11.000;   0;   3.4;   9.7; 1014.87;   14.5;   61.88;   20.8;    9.3;    5.9;eor
       1503;20220513;    3;  14.5;   5.9;    3;   0.0;   6;    2.750;   0;   5.6;   9.5; 1016.48;   13.7;   61.17;   18.7;    9.2;    5.8;eor
       1503;20220514;    3;  11.6;   4.3;    3;   0.0;   0;   10.467;   0;   5.5;  10.3; 1019.79;   15.1;   61.88;   20.4;    7.8;    3.6;eor
       1503;20220515;    3;   9.6;   2.4;    3;   0.0;   0;   14.300;   0;   1.2;  10.1; 1019.99;   14.7;   65.13;   23.1;    4.3;    1.8;eor
       1503;20220516;    3;  12.2;   3.9;    3;   7.1;   6;    8.033;   0;   5.3;  12.4; 1015.46;   18.3;   61.67;   27.2;   10.4;    7.8;eor
       1503;20220517;    3;   7.0;   2.5;    3;   0.0;   0;   12.250;   0;   4.7;  14.9; 1019.21;   18.6;   72.21;   23.9;   13.0;   11.7;eor
       1503;20220518;    3;   8.3;   3.0;    3;   1.3;   6;    8.783;   0;   5.2;  16.2; 1019.37;   21.2;   67.13;   30.3;   15.4;   13.9;eor
       1503;20220519;    3;  13.9;   3.1;    3;   9.5;   6;    4.517;   0;   7.3;  17.3; 1017.10;   19.1;   80.17;   26.1;   14.2;   13.6;eor
       1503;20220520;    3;  13.1;   3.7;    3;  10.6;   6;    7.267;   0;   7.3;  13.3; 1016.35;   14.9;   79.04;   20.5;   11.1;    9.8;eor
       1503;20220521;    3;  13.6;   5.8;    3;   0.0;   6;    3.950;   0;   6.0;  12.2; 1017.33;   13.9;   77.58;   17.3;    9.2;    6.3;eor
       1503;20220522;    3;   5.5;   1.5;    3;   0.0;   0;   12.017;   0;   5.2;  10.7; 1015.41;   13.9;   69.75;   19.2;    7.1;    4.1;eor
       1503;20220523;    3;  13.3;   5.3;    3;  11.2;   6;    9.517;   0;   6.8;  13.4; 1001.60;   18.3;   65.50;   25.1;   11.3;    9.9;eor
       1503;20220524;    3;  14.5;   5.1;    3;   1.6;   6;    3.267;   0;   6.5;  12.8; 1003.48;   13.9;   80.54;   17.1;   10.4;    8.6;eor
       1503;20220525;    3;  15.0;   5.0;    3;   0.8;   6;    7.350;   0;   5.0;  11.6; 1012.24;   13.7;   75.42;   18.6;    8.5;    7.5;eor
       1503;20220526;    3;  15.8;   6.7;    3;   4.1;   6;    3.767;   0;   6.8;  13.0; 1016.00;   15.3;   75.42;   18.3;   12.8;   11.7;eor
       1503;20220527;    3;  16.1;   7.7;    3;   3.6;   6;    6.300;   0;   6.3;  10.7; 1016.70;   13.0;   71.25;   15.1;   10.0;    9.2;eor
       1503;20220528;    3;  16.4;   6.8;    3;   1.3;   6;    6.333;   0;   5.6;  10.0; 1016.87;   11.4;   74.88;   14.4;    9.0;    7.6;eor
       1503;20220529;    3;  10.5;   4.2;    3;   0.6;   6;    0.017;   0;   7.9;  10.1; 1012.63;    9.9;   82.42;   12.1;    8.7;    8.1;eor
       1503;20220530;    3;   7.7;   2.6;    3;   0.0;   6;    1.867;   0;   7.5;   9.7; 1012.86;   10.3;   78.08;   13.9;    7.8;    6.2;eor
       1503;20220531;    3;   4.9;   1.6;    3;   0.0;   6;    2.417;   0;   7.6;   9.9; 1013.13;   12.2;   72.42;   16.9;    7.5;    6.2;eor
       1503;20220601;    3;  11.2;   2.5;    3;   3.1;   6;    3.333;   0;   6.6;  11.2; 1013.46;   11.7;   82.25;   17.2;    8.5;    5.7;eor
       1503;20220602;    3;   7.7;   3.0;    3;   0.0;   0;   12.300;   0;   2.1;  10.5; 1020.30;   13.0;   72.25;   18.5;    7.3;    4.2;eor
       1503;20220603;    3;  10.5;   3.3;    3;   0.0;   0;   14.867;   0;   2.3;  10.6; 1020.09;   14.5;   67.63;   21.8;    6.3;    4.0;eor
       1503;20220604;    3;   9.1;   4.0;    3;   0.0;   0;   15.183;   0;   2.5;  11.7; 1021.46;   14.5;   72.21;   19.6;    9.9;    8.7;eor
       1503;20220605;    3;  10.5;   3.5;    3;   6.0;   6;    6.883;   0;   6.4;  14.7; 1014.62;   17.4;   75.63;   24.2;   10.2;    9.0;eor
       1503;20220606;    3;  16.4;   6.5;    3;  11.8;   6;    4.083;   0;   6.8;  14.0; 1010.37;   15.5;   80.38;   20.6;   11.8;   11.3;eor
       1503;20220607;    3;  12.2;   5.0;    3;   0.6;   6;    1.150;   0;   6.5;  12.9; 1010.15;   13.4;   83.58;   15.9;    9.3;    7.0;eor
       1503;20220608;    3;  10.6;   3.1;    3;   6.8;   6;    4.050;   0;   6.8;  14.5; 1006.50;   15.5;   82.96;   22.5;    9.1;    6.5;eor
       1503;20220609;    3;  12.9;   4.7;    3;   0.0;   0;    7.617;   0;   4.5;  14.4; 1011.95;   16.5;   78.41;   21.4;    9.8;    7.5;eor
       1503;20220610;    3;   9.6;   3.1;    3;   0.2;   6;    5.183;   0;   5.0;  14.7; 1019.75;   16.7;   77.13;   22.1;    9.5;    6.4;eor
       1503;20220611;    3;  11.4;   3.9;    3;   0.0;   0;   12.550;   0;   2.3;  14.3; 1020.27;   18.6;   68.63;   23.3;   12.1;    9.7;eor
       1503;20220612;    3;  12.0;   4.0;    3;   0.0;   0;   12.467;   0;   2.9;  12.7; 1020.02;   16.6;   69.50;   23.4;   10.9;    7.8;eor
       1503;20220613;    3;  14.4;   4.7;    3;   0.0;   6;    9.083;   0;   5.0;  11.0; 1020.09;   14.3;   68.83;   19.0;    9.4;    6.3;eor
       1503;20220614;    3;   6.1;   1.9;    3;   0.0;   0;    5.850;   0;   6.0;  11.0; 1021.88;   14.2;   69.58;   19.5;    8.6;    5.7;eor
       1503;20220615;    3;   8.5;   2.5;    3;   0.0;   0;   14.700;   0;   3.0;  11.3; 1019.45;   15.9;   65.42;   22.2;    8.2;    5.4;eor
       1503;20220616;    3;   9.8;   2.6;    3;   0.0;   0;   11.400;   0;   4.4;  11.8; 1021.65;   16.6;   65.33;   22.5;    9.6;    7.6;eor
       1503;20220617;    3;   8.1;   2.5;    3;   0.0;   6;    2.783;   0;   6.0;  13.0; 1021.42;   19.3;   60.88;   25.7;    9.6;    6.9;eor
       1503;20220618;    3;   8.1;   3.2;    3;   0.0;   6;   13.200;   0;   1.4;  15.7; 1015.04;   20.5;   65.04;   26.2;   13.4;   12.9;eor
       1503;20220619;    3;  12.6;   3.0;    3;   1.5;   6;    0.767;   0;   7.0;  12.8; 1011.55;   14.1;   79.33;   16.8;   11.4;    9.5;eor
       1503;20220620;    3;  13.2;   4.4;    3;   0.1;   6;    8.617;   0;   4.5;  11.7; 1013.92;   14.3;   73.21;   19.4;    8.9;    5.3;eor
       1503;20220621;    3;   7.0;   1.7;    3;   0.0;   0;   11.367;   0;   4.5;  11.7; 1014.62;   15.0;   71.67;   22.6;    6.6;    2.7;eor
       1503;20220622;    3;   7.9;   1.9;    3;   0.0;   0;   15.417;   0;   1.3;  12.5; 1013.30;   16.6;   69.79;   25.1;    7.0;    4.5;eor
       1503;20220623;    3;   8.1;   2.5;    3;   0.0;   0;   15.583;   0;   0.0;  12.9; 1011.37;   21.9;   55.38;   30.8;   10.3;    7.3;eor
       1503;20220624;    3;  11.3;   2.9;    3;   0.6;   6;    5.633;   0;   5.1;  17.1; 1005.86;   20.0;   72.38;   23.7;   15.5;   13.4;eor
       1503;20220625;    3;   8.8;   2.6;    3;   0.0;   6;   11.700;   0;   4.0;  16.9; 1010.44;   20.9;   70.67;   27.4;   13.8;   11.3;eor
       1503;20220626;    3;   8.5;   2.6;    3;  10.8;   6;    5.150;   0;   7.4;  16.5; 1013.80;   19.9;   72.75;   24.1;   16.0;   12.8;eor
       1503;20220627;    3;   5.8;   2.1;    3;   0.5;   6;    0.150;   0;   7.3;  17.0; 1015.61;   16.6;   89.71;   18.6;   14.5;   14.0;eor
       1503;20220628;    3;   7.0;   2.5;    3;   0.0;   0;   13.750;   0;   1.2;  13.3; 1019.73;   17.9;   68.17;   23.6;   11.3;    9.0;eor
       1503;20220629;    3;   8.7;   2.6;    3;   0.0;   0;    6.917;   0;   3.9;  15.0; 1014.39;   20.5;   64.33;   26.7;   12.0;    9.4;eor
       1503;20220630;    3;  16.5;   2.6;    3;   9.2;   6;   11.217;   0;   3.1;  16.8; 1010.42;   22.4;   63.79;   29.3;   14.9;   11.7;eor
       1503;20220701;    3;  11.1;   4.1;    3;   0.2;   6;    4.317;   0;   6.0;  14.4; 1015.81;   16.5;   77.50;   21.0;   11.9;    8.7;eor
       1503;20220702;    3;   9.9;   2.6;    3;   0.0;   0;   10.650;   0;   3.8;  13.3; 1019.85;   18.1;   66.46;   24.7;    9.8;    7.3;eor
       1503;20220703;    3;  13.2;   2.9;    3;   0.0;   0;   10.117;   0;   4.3;  15.3; 1016.50;   18.6;   73.67;   24.9;   11.8;    8.1;eor
       1503;20220704;    3;  12.2;   3.8;    3;   0.0;   6;   13.617;   0;   1.5;  13.1; 1018.43;   16.6;   71.33;   22.8;    9.5;    6.4;eor
       1503;20220705;    3;  11.4;   3.7;    3;   0.0;   6;    9.700;   0;   3.8;  12.0; 1020.99;   15.5;   70.08;   21.5;    8.4;    4.8;eor
       1503;20220706;    3;  10.1;   3.7;    3;   5.0;   6;    2.300;   0;   7.6;  12.9; 1022.01;   15.4;   74.67;   20.6;   12.3;   12.1;eor
       1503;20220707;    3;  13.6;   5.5;    3;   0.4;   6;    0.667;   0;   7.7;  14.5; 1019.90;   15.6;   81.71;   18.7;   14.2;   13.8;eor
       1503;20220708;    3;   9.5;   3.7;    3;   0.0;   6;    5.217;   0;   5.7;  14.9; 1027.86;   16.4;   79.83;   22.7;   11.0;    9.1;eor
       1503;20220709;    3;  11.5;   4.2;    3;   0.0;   6;    2.883;   0;   6.8;  14.4; 1024.94;   16.2;   78.29;   21.4;   12.9;   10.0;eor
       1503;20220710;    3;   9.6;   3.7;    3;   0.6;   6;    0.950;   0;   7.4;  13.7; 1023.02;   15.0;   80.71;   18.1;   12.2;   11.3;eor
       1503;20220711;    3;   6.6;   2.7;    3;   0.1;   6;    0.267;   0;   7.7;  16.1; 1022.77;   16.4;   86.25;   19.7;   14.0;   14.0;eor
       1503;20220712;    3;   6.3;   1.5;    3;   0.0;   6;    5.767;   0;   8.0;  17.1; 1023.21;   19.9;   74.75;   26.0;   14.8;   14.9;eor
       1503;20220713;    3;   9.9;   3.3;    3;   0.0;   0;   10.200;   0;   5.5;  16.6; 1018.42;   20.8;   68.50;   27.0;   10.6;    7.3;eor
       1503;20220714;    3;  10.0;   2.9;    3;   0.0;   6;    4.367;   0;   6.1;  12.5; 1019.40;   14.8;   75.50;   20.5;    7.9;    5.2;eor
       1503;20220715;    3;  11.2;   2.7;    3;   0.6;   6;    1.350;   0;   7.3;  13.6; 1020.37;   14.8;   80.96;   18.8;    9.0;    7.3;eor
       1503;20220716;    3;  10.6;   4.2;    3;   0.0;   0;    9.567;   0;   4.8;  11.9; 1022.31;   15.4;   69.38;   19.7;    6.8;    4.3;eor
       1503;20220717;    3;   6.0;   1.4;    3;   0.0;   0;    9.500;   0;   4.6;  12.5; 1026.27;   15.4;   73.13;   23.4;    5.5;    3.2;eor
       1503;20220718;    3;   5.9;   1.7;    3;   0.0;   0;   11.767;   0;   5.0;  14.0; 1021.46;   20.6;   62.96;   31.4;   10.2;    8.4;eor
       1503;20220719;    3;   6.2;   1.9;    3;   0.0;   0;   13.717;   0;   1.0;  14.7; 1016.74;   24.6;   54.33;   35.7;   11.1;    9.1;eor
       1503;20220720;    3;  10.3;   3.2;    3;  14.1;   6;   14.233;   0;   1.2;  16.6; 1014.66;   25.7;   51.75;   33.6;   15.4;   12.1;eor
       1503;20220721;    3;  16.9;   2.9;    3;  10.2;   6;    1.100;   0;   7.3;  19.8; 1016.24;   19.1;   89.88;   23.9;   15.2;   15.1;eor
       1503;20220722;    3;   6.9;   2.4;    3;   0.0;   0;    0.033;   0;   7.5;  14.8; 1018.83;   16.2;   81.04;   18.8;   12.0;   10.3;eor
       1503;20220723;    3;   9.0;   2.3;    3;   0.0;   0;    9.183;   0;   3.8;  14.1; 1018.57;   16.1;   78.79;   21.3;   10.3;    8.8;eor
       1503;20220724;    3;   9.2;   2.8;    3;   0.0;   0;   12.950;   0;   2.1;  16.7; 1015.89;   20.9;   70.58;   28.6;   11.5;    9.6;eor
       1503;20220725;    3;  14.0;   3.8;    3;   3.5;   6;    5.283;   0;   5.9;  17.5; 1007.99;   21.3;   70.04;   27.8;   15.7;   13.8;eor
       1503;20220726;    3;   9.2;   3.6;    3;   0.0;   6;    2.933;   0;   6.8;  14.3; 1014.47;   16.6;   76.13;   19.5;   12.0;   10.3;eor
       1503;20220727;    3;  10.1;   2.8;    3;   0.0;   6;    8.283;   0;   4.4;  12.0; 1018.99;   14.5;   74.63;   19.8;    7.0;    5.2;eor
       1503;20220728;    3;   7.9;   1.9;    3;   0.0;   0;    6.967;   0;   6.5;  11.8; 1019.45;   14.5;   73.17;   20.7;    6.0;    4.3;eor
       1503;20220729;    3;   6.3;   2.2;    3;   1.0;   6;    3.267;   0;   7.5;  14.4; 1016.99;   17.5;   72.63;   22.8;   12.8;   12.6;eor
       1503;20220730;    3;   7.9;   2.0;    3;   0.0;   6;   10.883;   0;   3.4;  15.6; 1016.82;   18.8;   73.92;   26.0;   10.1;    8.9;eor
       1503;20220731;    3;   7.7;   2.5;    3;  11.6;   6;    0.400;   0;   7.8;  17.9; 1014.20;   18.7;   83.46;   24.1;   14.6;   13.9;eor
       1503;20220801;    3;   8.0;   2.7;    3;   0.0;   0;    8.833;   0;   5.4;  14.7; 1016.80;   16.9;   77.21;   21.1;    7.8;    6.3;eor
       1503;20220802;    3;  10.0;   2.2;    3;   0.0;   0;   10.550;   0;   3.5;  15.0; 1015.88;   18.1;   73.29;   27.2;    5.9;    4.4;eor
       1503;20220803;    3;   8.6;   2.6;    3;   0.0;   0;   14.200;   0;   4.1;  18.6; 1013.49;   22.8;   70.33;   30.9;   14.5;   13.0;eor
       1503;20220804;    3;  13.1;   2.7;    3;   1.7;   6;    7.317;   0;   6.3;  20.2; 1012.23;   22.4;   76.33;   31.2;   16.5;   14.6;eor
       1503;20220805;    3;  12.6;   2.8;    3;   0.7;   6;    6.267;   0;   4.5;  14.8; 1017.33;   16.5;   79.25;   22.2;    8.4;    6.3;eor
       1503;20220806;    3;   7.3;   2.0;    3;   0.0;   0;   10.050;   0;   2.9;  11.5; 1026.05;   14.1;   74.04;   21.4;    6.0;    4.0;eor
       1503;20220807;    3;   6.1;   1.5;    3;   0.0;   0;   12.433;   0;   1.0;  11.7; 1024.71;   15.3;   70.75;   23.0;    5.8;    4.1;eor
       1503;20220808;    3;   8.0;   1.6;    3;   0.0;   0;    9.883;   0;   1.5;  13.4; 1025.52;   15.7;   76.75;   22.9;    7.5;    6.1;eor
       1503;20220809;    3;   6.8;   1.9;    3;   0.0;   0;   13.883;   0;   1.7;  13.4; 1028.00;   16.6;   73.92;   24.8;    7.2;    6.1;eor
       1503;20220810;    3;   7.0;   1.9;    3;   0.0;   0;   13.467;   0;   1.5;  14.7; 1026.11;   18.9;   71.33;   27.5;    8.5;    7.5;eor
       1503;20220811;    3;  11.1;   2.0;    3;   0.0;   0;   13.917;   0;   0.0;  14.7; 1022.45;   20.7;   65.21;   29.5;    9.6;    8.2;eor
       1503;20220812;    3;   8.0;   1.9;    3;   0.0;   0;   13.833;   0;   0.0;  14.3; 1019.33;   21.2;   62.92;   30.9;   10.5;    8.8;eor
       1503;20220813;    3;  10.8;   2.0;    3;   0.0;   0;   12.300;   0;   0.8;  14.8; 1016.68;   22.1;   59.96;   30.8;   10.1;    8.5;eor
       1503;20220814;    3;  10.4;   2.5;    3;   1.8;   6;   10.583;   0;   3.5;  18.2; 1008.90;   24.3;   61.96;   31.4;   16.7;   14.7;eor
       1503;20220815;    3;  15.3;   1.8;    3;   6.0;   6;    5.067;   0;   7.0;  20.3; 1003.15;   22.2;   77.33;   31.3;   18.1;   17.1;eor
       1503;20220816;    3;   8.4;   2.1;    3;   0.0;   0;    6.900;   0;   5.9;  19.2; 1007.05;   22.3;   74.54;   29.3;   15.7;   14.4;eor
       1503;20220817;    3;  12.5;   1.9;    3;  14.3;   6;    0.483;   0;   6.9;  20.0; 1010.12;   19.4;   89.08;   26.6;   14.2;   13.4;eor
       1503;20220818;    3;   6.8;   2.3;    3;   0.0;   4;    3.200;   0;   5.5;  19.1; 1011.94;   18.9;   87.58;   23.2;   12.5;   12.1;eor
       1503;20220819;    3;   7.3;   1.2;    3;   1.3;   6;    7.233;   0;   6.8;  17.4; 1012.67;   18.4;   83.46;   25.9;   11.7;   11.8;eor
       1503;20220820;    3;   6.6;   1.8;    3;   0.0;   0;    7.333;   0;   4.4;  16.3; 1015.28;   18.7;   77.08;   23.8;   11.5;   11.0;eor
       1503;20220821;    3;   8.7;   2.0;    3;   0.0;   6;    8.783;   0;   3.4;  14.8; 1015.22;   17.5;   76.67;   24.8;    9.4;    8.5;eor
       1503;20220822;    3;   6.4;   1.6;    3;   0.0;   0;    3.183;   0;   7.8;  16.9; 1015.42;   18.8;   79.08;   24.6;   12.0;   10.6;eor
       1503;20220823;    3;   7.9;   2.3;    3;   0.0;   0;   11.100;   0;   3.5;  16.0; 1015.09;   22.2;   62.25;   29.8;   14.2;   12.0;eor
       1503;20220824;    1;   5.0;   1.7;    1;   0.0;   0;   12.417;   0;   2.3;  16.2; 1017.61;   23.1;   59.38;   31.2;   13.3;   11.8;eor
       1503;20220825;    1;   8.6;   2.5;    1;   0.0;   0;   12.300;   0;   0.8;  17.9; 1015.99;   22.7;   66.63;   29.9;   15.6;   12.7;eor
       1503;20220826;    1;   9.0;   3.1;    1;   0.0;   6;    1.617;   0;   5.3;  19.5; 1013.97;   19.7;   84.83;   24.2;   14.4;   13.0;eor
       1503;20220827;    1;   8.9;   3.0;    1;   0.0;   0;    4.917;   0;   5.0;  14.4; 1016.17;   17.1;   74.67;   21.9;    9.6;    6.8;eor
       1503;20220828;    1;   9.8;   3.0;    1;   0.0;   0;    5.683;   0;   4.0;  12.2; 1019.18;   14.8;   74.29;   21.2;    8.2;    5.1;eor
       1503;20220829;    1;   7.7;   2.0;    1;   0.0;   6;    2.083;   0;   6.7;  15.6; 1020.84;   16.9;   81.42;   22.2;   12.0;    8.6;eor
       1503;20220830;    1;   8.5;   2.5;    1;   0.0;   0;    7.317;   0;   3.3;  12.8; 1022.14;   15.7;   73.33;   23.1;    6.5;    4.4;eor
       1503;20220831;    1;  10.0;   3.1;    1;   0.0;   0;   12.617;   0;   1.3;  11.8; 1023.43;   16.0;   67.08;   23.0;    8.5;    5.8;eor
       1503;20220901;    1;   8.1;   2.4;    1;   0.0;   0;   10.683;   0;   2.3;  11.3; 1021.93;   16.5;   63.58;   23.4;    9.3;    6.3;eor
       1503;20220902;    1;   9.6;   3.0;    1;   0.0;   0;   11.067;   0;   2.4;  11.0; 1017.09;   17.2;   59.08;   24.2;    8.9;    6.1;eor
       1503;20220903;    1;  10.8;   3.5;    1;   0.0;   0;   10.567;   0;   1.8;  10.4; 1014.07;   18.0;   52.33;   24.8;   11.4;    8.5;eor
       1503;20220904;    1;   8.4;   2.3;    1;   0.0;   0;   11.417;   0;   4.5;  12.2; 1018.25;   18.4;   59.08;   26.1;   10.4;    6.6;eor
       1503;20220905;    1;   6.7;   2.5;    1;   1.4;   6;    9.717;   0;   5.5;  14.4; 1019.33;   21.1;   58.42;   28.7;   14.3;   12.0;eor
       1503;20220906;    1;   8.2;   3.3;    1;   2.6;   6;    6.350;   0;   5.7;  15.2; 1015.23;   19.1;   68.75;   25.2;   15.3;   13.7;eor
       1503;20220907;    1;   9.3;   1.9;    1;   0.0;   0;    4.317;   0;   5.8;  16.7; 1011.63;   17.8;   82.58;   23.5;   11.7;   10.0;eor
       1503;20220908;    1;   5.8;   1.5;    1;  16.2;   6;    0.050;   0;   6.3;  16.4; 1007.42;   15.0;   95.50;   17.6;   10.9;    9.3;eor
       1503;20220909;    1;   7.9;   2.7;    1;   1.6;   6;    5.650;   0;   5.8;  15.3; 1007.27;   16.3;   84.08;   22.2;   11.3;    9.4;eor
       1503;20220910;    1;   4.4;   1.6;    1;   0.1;   6;    1.000;   0;   5.6;  15.7; 1011.14;   15.9;   87.33;   21.1;   10.9;   10.0;eor
       1503;20220911;    1;   4.5;   1.1;    1;   0.0;   0;    3.550;   0;   5.2;  14.4; 1017.49;   14.7;   87.25;   22.0;    8.9;    7.4;eor
       1503;20220912;    1;   7.1;   2.2;    1;   1.6;   6;    6.433;   0;   5.2;  14.0; 1013.60;   16.2;   77.71;   23.7;    7.4;    6.3;eor
       1503;20220913;    1;   8.8;   2.8;    1;   0.6;   6;    6.567;   0;   6.2;  14.9; 1008.32;   16.2;   81.63;   21.3;    9.6;    8.3;eor
       1503;20220914;    1;   6.4;   1.6;    1;   0.1;   6;    3.483;   0;   6.3;  12.7; 1005.10;   13.6;   82.71;   19.9;    8.1;    6.8;eor
       1503;20220915;    1;  11.7;   3.4;    1;   6.7;   6;    1.850;   0;   6.5;  13.0; 1005.19;   13.5;   84.29;   17.6;   10.3;    9.4;eor
       1503;20220916;    1;  15.4;   4.7;    1;  21.8;   6;    3.967;   0;   6.2;  11.9; 1005.99;   11.9;   85.96;   16.1;    9.4;    8.6;eor
       1503;20220917;    1;  15.3;   4.8;    1;   2.8;   6;    7.783;   0;   3.4;  10.1; 1008.65;   11.3;   76.71;   15.9;    7.9;    6.8;eor
       1503;20220918;    1;  13.1;   4.5;    1;  14.7;   6;    4.450;   0;   5.8;  10.9; 1009.67;   10.6;   85.96;   15.3;    8.0;    6.9;eor
       1503;20220919;    1;  13.8;   3.2;    1;  10.2;   6;    5.267;   0;   4.5;  12.0; 1015.84;   11.4;   88.67;   16.4;    6.4;    4.0;eor
       1503;20220920;    1;   7.3;   1.8;    1;   1.9;   6;    3.900;   0;   4.5;  11.1; 1021.69;   10.4;   88.13;   15.3;    3.9;    2.8;eor
       1503;20220921;    1;   3.7;   0.8;    1;   0.0;   0;    9.533;   0;   1.7;   9.2; 1025.68;    9.2;   81.63;   17.4;    2.1;    1.2;eor
       1503;20220922;    1;   7.1;   1.3;    1;   0.0;   0;    8.983;   0;   2.3;   9.2; 1022.05;    9.6;   79.46;   18.1;    2.0;    1.1;eor
       1503;20220923;    1;   4.4;   1.6;    1;   6.1;   6;    2.483;   0;   7.3;  11.2; 1014.96;   11.5;   82.33;   17.2;    4.3;    2.9;eor
       1503;20220924;    1;   8.4;   3.1;    1;   1.0;   6;    0.000;   0;   7.6;  14.0; 1011.70;   12.8;   94.08;   15.3;   10.0;    8.7;eor
       1503;20220925;    1;   7.7;   2.4;    1;   0.4;   6;    5.700;   0;   4.0;  10.7; 1011.91;   11.3;   81.21;   17.0;    7.1;    4.8;eor
       1503;20220926;    1;  11.6;   4.3;    1;   8.3;   6;    0.000;   0;   7.5;  12.0;  998.05;   10.9;   91.58;   11.8;    9.3;    8.4;eor
       1503;20220927;    1;   8.0;   3.2;    1;  10.6;   6;    0.683;   0;   7.6;  11.0;  993.94;    9.4;   92.96;   12.1;    5.0;    3.6;eor
       1503;20220928;    1;   5.8;   1.4;    1;   0.0;   6;    4.717;   0;   5.8;   9.5;  995.77;    8.2;   88.00;   14.0;    2.9;    1.9;eor
       1503;20220929;    1;   9.1;   1.7;    1;   0.5;   6;    3.617;   0;   5.9;   9.9; 1001.89;    8.2;   90.92;   15.0;    1.7;    0.6;eor
       1503;20220930;    1;   9.5;   3.1;    1;   4.9;   6;    8.167;   0;   3.0;  10.5; 1007.16;   11.3;   79.54;   16.5;    5.5;    3.1;eor
       1503;20221001;    1;  15.1;   5.5;    1;   3.5;   6;    3.300;   0;   5.5;  12.5; 1002.79;   12.7;   85.29;   17.2;   10.3;    9.7;eor
       1503;20221002;    1;  14.0;   4.4;    1;   1.5;   6;    7.567;   0;   2.3;  12.5; 1014.97;   12.9;   84.33;   17.1;    9.6;    7.3;eor
       1503;20221003;    1;   7.2;   2.2;    1;   0.0;   0;    4.300;   0;   5.0;  12.0; 1023.97;   12.0;   86.67;   17.4;    8.5;    5.7;eor
       1503;20221004;    1;   9.4;   3.3;    1;   0.0;   0;    7.950;   0;   5.5;  12.1; 1018.89;   13.7;   78.71;   18.2;    9.4;    7.3;eor
       1503;20221005;    1;  15.0;   5.7;    1;   0.5;   6;    0.217;   0;   7.8;  13.7; 1012.96;   15.9;   75.75;   18.5;   13.5;   12.5;eor
       1503;20221006;    1;  12.4;   5.1;    1;   0.0;   0;    9.417;   0;   1.0;  11.1; 1024.47;   13.3;   72.71;   17.1;    8.8;    6.3;eor
       1503;20221007;    1;  11.2;   4.3;    1;   0.1;   6;    6.667;   0;   3.8;  10.8; 1019.86;   12.7;   73.67;   18.0;    7.6;    6.0;eor
       1503;20221008;    1;  14.8;   4.8;    1;   3.4;   6;    6.833;   0;   3.1;  11.2; 1017.88;   12.1;   79.63;   16.3;    7.1;    4.7;eor
       1503;20221009;    1;   6.9;   2.6;    1;   0.0;   0;    9.767;   0;   3.1;   9.8; 1021.76;    9.9;   81.58;   15.7;    4.2;    1.7;eor
       1503;20221010;    1;   9.7;   3.6;    1;   2.1;   6;    5.467;   0;   3.5;  10.4; 1015.00;   10.4;   82.17;   16.7;    6.2;    2.8;eor
       1503;20221011;    1;   8.5;   2.4;    1;   0.0;   0;    7.300;   0;   3.7;  10.2; 1024.52;    9.9;   84.21;   15.8;    5.2;    2.8;eor
       1503;20221012;    1;   8.2;   1.7;    1;   0.0;   6;    8.083;   0;   4.6;   9.1; 1022.42;    8.8;   81.88;   15.8;    2.2;    0.5;eor
       1503;20221013;    1;   7.3;   2.5;    1;   3.0;   6;    0.400;   0;   7.8;  12.5; 1015.67;   11.8;   89.46;   15.8;    8.5;    6.9;eor
       1503;20221014;    1;   6.6;   2.5;    1;   2.6;   6;    0.167;   0;   7.6;  14.5; 1010.20;   13.3;   95.04;   15.1;   11.4;   11.0;eor
       1503;20221015;    1;  10.4;   3.6;    1;   0.3;   6;    1.700;   0;   6.6;  14.4; 1005.40;   13.5;   92.96;   16.3;   10.7;    9.5;eor
       1503;20221016;    1;  13.2;   4.0;    1;   0.7;   6;    5.800;   0;   6.2;  12.5; 1013.20;   13.5;   82.00;   17.8;    9.7;    8.3;eor
       1503;20221017;    1;  12.0;   3.0;    1;   7.1;   6;    0.583;   0;   7.8;  16.0; 1019.08;   14.9;   93.79;   19.6;   11.8;   10.9;eor
       1503;20221018;    1;   9.1;   2.8;    1;   0.1;   4;    4.717;   0;   6.3;  13.2; 1026.10;   12.9;   88.38;   16.4;    9.7;    6.6;eor
       1503;20221019;    1;   8.0;   2.0;    1;   0.0;   0;    3.233;   0;   7.0;  10.3; 1026.54;   10.6;   80.83;   14.5;    6.1;    3.9;eor
       1503;20221020;    1;  10.0;   4.0;    1;   5.1;   6;    2.117;   0;   7.7;  10.3; 1014.29;    9.2;   87.38;   13.0;    5.4;    3.9;eor
       1503;20221021;    1;   6.6;   2.3;    1;   0.0;   6;    4.183;   0;   7.0;  14.7; 1007.25;   13.8;   93.08;   18.5;   10.2;    9.0;eor
       1503;20221022;    1;  10.1;   2.9;    1;   0.1;   6;    3.783;   0;   7.0;  14.3; 1011.30;   13.5;   92.50;   17.2;   10.2;    7.7;eor
       1503;20221023;    1;  11.4;   3.4;    1;   0.0;   6;    0.083;   0;   7.9;  13.8; 1009.35;   13.3;   90.71;   16.7;    8.7;    6.3;eor
       1503;20221024;    1;  14.6;   5.4;    1;   1.9;   6;    3.133;   0;   5.3;  13.8; 1004.73;   15.2;   80.04;   18.1;   11.9;    9.9;eor
       1503;20221025;    1;  10.5;   4.0;    1;   0.0;   6;    3.150;   0;   6.3;  13.4; 1012.77;   13.3;   87.42;   16.7;    6.8;    4.9;eor
       1503;20221026;    1;   6.9;   2.6;    1;   0.0;   0;    5.333;   0;   7.3;  13.2; 1015.56;   13.0;   88.58;   19.5;    6.6;    5.1;eor
       1503;20221027;    1;   8.5;   3.2;    1;   0.0;   6;    2.867;   0;   7.1;  15.3; 1019.92;   15.9;   84.54;   19.8;   11.7;    9.1;eor
       1503;20221028;    1;   9.2;   3.2;    1;   0.0;   6;    4.250;   0;   6.3;  15.8; 1016.74;   16.9;   82.46;   21.4;   11.3;    8.6;eor
       1503;20221029;    1;   4.0;   1.7;    1;   0.0;   6;    2.050;   0;   7.6;  15.3; 1018.07;   14.3;   93.79;   20.1;    8.8;    7.5;eor
       1503;20221030;    1;   5.7;   1.8;    1;   0.0;   0;    6.433;   0;   6.5;  15.1; 1016.15;   15.5;   85.96;   20.8;   11.3;    8.0;eor
       1503;20221031;    1;   7.7;   2.6;    1;   0.1;   6;    2.467;   0;   7.7;  13.8; 1017.39;   12.7;   93.75;   15.7;    8.7;    7.0;eor
       1503;20221101;    1;  16.2;   5.6;    1;   0.0;   6;    5.900;   0;   4.3;  11.9; 1011.56;   14.5;   72.17;   16.7;   11.8;    9.9;eor
       1503;20221102;    1;  16.4;   6.2;    1;   0.0;   6;    3.967;   0;   5.7;  10.1; 1015.26;   11.8;   72.46;   14.5;    9.3;    7.1;eor
       1503;20221103;    1;  10.9;   5.6;    1;   1.2;   6;    0.000;   0;   7.9;  10.6; 1006.19;   11.9;   76.04;   14.4;    9.7;    7.8;eor
       1503;20221104;    1;  12.7;   4.4;    1;   0.3;   6;    3.250;   0;   4.8;  10.7; 1004.62;    9.7;   88.88;   13.1;    5.9;    3.0;eor
